3470.0 0.15984755479181234
3471.47 0.1613656609239479
3472.94 0.15172245511852797
3474.41 0.14671518728187477
3475.88 0.15559522209547738
3477.35 0.14313703897089386
3478.82 0.14951372872556176
3480.29 0.16893194530946762
3481.76 0.1825502638853702
3483.23 0.16311852241210759
3484.7 0.1485554186595912
3486.17 0.1594994366794014
3487.64 0.16290984053483681
3489.11 0.14454811486106334
3490.58 0.1376890164866162
3492.05 0.14841822612298344
3493.52 0.15097978642587467
3494.99 0.1451573260362226
3496.46 0.15908594229717918
3497.93 0.16845404647895404
3499.4 0.15295153167804512
3500.87 0.14808152355460247
3502.34 0.1545997768034981
3503.81 0.17080678607292882
3505.28 0.1752179332150816
3506.75 0.15274479792225454
3508.22 0.14406216379509829
3509.69 0.14694227106986307
3511.16 0.13935225095136625
3512.63 0.14660508035150202
3514.1 0.17265697302317506
3515.57 0.17357521896325634
3517.04 0.1566358548489169
3518.51 0.15105436589026489
3519.98 0.15764034659006862
3521.45 0.15977634759288095
3522.92 0.15301422088374583
3524.39 0.161429501088776
3525.86 0.1576517263065771
3527.33 0.1533264398196389
3528.8 0.15107382919130613
3530.27 0.1649483682870365
3531.74 0.14903607620925835
3533.21 0.15669498817311123
3534.68 0.16100115172046223
3536.15 0.14531674954990556
3537.62 0.15907071560055236
3539.09 0.16455156952982156
3540.56 0.16026970599891094
3542.03 0.1697607926265886
3543.5 0.15230310280219136
3544.97 0.13151499406405145
3546.44 0.15021856803397773
3547.91 0.16664916342961278
3549.38 0.14965012409981673
3550.85 0.13797324964979718
3552.32 0.14335015002550694
3553.79 0.14481127248473669
3555.26 0.16125822314392504
3556.73 0.15899363716653928
3558.2 0.1491570164864371
3559.67 0.144912794245276
3561.14 0.14491681588456157
3562.61 0.1488516137365046
3564.08 0.157962216564559
3565.55 0.15590813518959903
3567.02 0.14942291939394342
3568.49 0.16030396158788113
3569.96 0.15929199533006172
3571.43 0.1644704739349631
3572.9 0.17433011379761293
3574.37 0.1649805593150817
3575.84 0.15912335518647933
3577.31 0.16399978091470618
3578.78 0.17132199478861831
3580.25 0.1683919349920371
3581.72 0.15980283756657146
3583.19 0.1769081592388228
3584.66 0.17904961498177968
3586.13 0.16877046171329985
3587.6 0.17176584403841016
3589.07 0.18294372620464777
3590.54 0.17475631351463822
3592.01 0.1679238484239675
3593.48 0.17277123146759873
3594.95 0.16378001041953894
3596.42 0.1639084386487059
3597.89 0.1837718480144589
3599.36 0.16988671292925234
3600.83 0.15680488909523552
3602.3 0.1506275660622549
3603.77 0.15708933722354534
3605.24 0.16753670518379002
3606.71 0.17216168888786582
3608.18 0.16245763899410115
3609.65 0.15622560733582833
3611.12 0.15024580590717906
3612.59 0.14897407220490583
3614.06 0.16163182805942514
3615.53 0.15150831850111265
3617.0 0.15268152204088967
3618.47 0.16426860824365294
3619.94 0.15111568917170934
3621.41 0.16465494984303738
3622.88 0.17735617343798613
3624.35 0.15917723530033742
3625.82 0.1547990584348219
3627.29 0.15263410431621763
3628.76 0.1461686070926938
3630.23 0.1448671231122759
3631.7 0.16003535818094358
3633.17 0.15665353573076476
3634.64 0.152047571962152
3636.11 0.15255575400519222
3637.58 0.15002404698456992
3639.05 0.1581067582215093
3640.52 0.1695926764605078
3641.99 0.1681494722404557
3643.46 0.16582447210498288
3644.93 0.1561699671949778
3646.4 0.16525347545991678
3647.87 0.18201299885177272
3649.34 0.18834051085477616
3650.81 0.18005812836221696
3652.28 0.18024524207155984
3653.75 0.19118446368193256
3655.22 0.20232570325058177
3656.69 0.20257796930772676
3658.16 0.2007371781249873
3659.63 0.22431340249806497
3661.1 0.24085201787094687
3662.57 0.23094669343997634
3664.04 0.2296304440422706
3665.51 0.2489267440490375
3666.98 0.260496104585551
3668.45 0.2554782676300627
3669.92 0.25908128024094723
3671.39 0.27308614642448276
3672.86 0.2719095750976871
3674.33 0.28700093326215004
3675.8 0.3011336902620304
3677.27 0.29205341095246434
3678.74 0.28737696997067025
3680.21 0.29750534759346314
3681.68 0.3172979169923799
3683.15 0.3378623769061529
3684.62 0.34349384525726245
3686.09 0.35292947088169696
3687.56 0.341151898704132
3689.03 0.32788890405089693
3690.5 0.3404381562566295
3691.97 0.34161965834606817
3693.44 0.35697750161526143
3694.91 0.37680380710408695
3696.38 0.3824924024381882
3697.85 0.38399633878558054
3699.32 0.3880230163163459
3700.79 0.3923471608010371
3702.26 0.40004268849183733
3703.73 0.39067054923545635
3705.2 0.37016662887609564
3706.67 0.3860665246314434
3708.14 0.37601692277149346
3709.61 0.37507384835903007
3711.08 0.38811932517251063
3712.55 0.3729727030561727
3714.02 0.3546969499986184
3715.49 0.3277039937341248
3716.96 0.3181740432025272
3718.43 0.3213167303821816
3719.9 0.3093644318608237
3721.37 0.27725662219112795
3722.84 0.2571687399680141
3724.31 0.25862443455774037
3725.78 0.2543701403046047
3727.25 0.24831469354280133
3728.72 0.25283592074468575
3730.19 0.2521476113589903
3731.66 0.2564601208560825
3733.13 0.2708215022273746
3734.6 0.26044810018521486
3736.07 0.23205422065444967
3737.54 0.2105711833960218
3739.01 0.19296099820490684
3740.48 0.17595793275738503
3741.95 0.1614579347055065
3743.42 0.16731347285436027
3744.89 0.17993194383158234
3746.36 0.17062442398862154
3747.83 0.16072249421531076
3749.3 0.1571554434791067
3750.77 0.1657707397796509
3752.24 0.1638753922385855
3753.71 0.14823246938101642
3755.18 0.14999907520210193
3756.65 0.15024829591992156
3758.12 0.13991880498376946
3759.59 0.14220368277363057
3761.06 0.14734593527588064
3762.53 0.13986013293891414
3764.0 0.13827715212226785
3765.47 0.1449245680645207
3766.94 0.15767377814604489
3768.41 0.15263043199526646
3769.88 0.14458514260450764
3771.35 0.1482688701428349
3772.82 0.13602784210435098
3774.29 0.13369589142971203
3775.76 0.14880260168712695
3777.23 0.1506602094127587
3778.7 0.1372193803782428
3780.17 0.14462340191900266
3781.64 0.1497597921430514
3783.11 0.14458231670875132
3784.58 0.14036966299244985
3786.05 0.14800695304709263
3787.52 0.1580600973532284
3788.99 0.14597343666945928
3790.46 0.1534694095440845
3791.93 0.15428200460177643
3793.4 0.1464537807283135
3794.87 0.15309829464132688
3796.34 0.15949403568053908
3797.81 0.16288837089259298
3799.28 0.16298549930331147
3800.75 0.15982358170150543
3802.22 0.16654127780557149
3803.69 0.1644512032068498
3805.16 0.1590156531784856
3806.63 0.16634233653570168
3808.1 0.17351770235596856
3809.57 0.1731334745803511
3811.04 0.17611907599209878
3812.51 0.17806418348205263
3813.98 0.1775344646201658
3815.45 0.17775573539279482
3816.92 0.18449494592350657
3818.39 0.17447580641369065
3819.86 0.17611882072100826
3821.33 0.19299076639681229
3822.8 0.18753015501717638
3824.27 0.1806714193963842
3825.74 0.18900295724840693
3827.21 0.19276124185892352
3828.68 0.18567243085209983
3830.15 0.19897080966123154
3831.62 0.20624453546326754
3833.09 0.20223748693583016
3834.56 0.20418545614906183
3836.03 0.20028791444101254
3837.5 0.20915977610127867
3838.97 0.22166556952346217
3840.44 0.2197233640627478
3841.91 0.21363472758073812
3843.38 0.220328177409646
3844.85 0.24408395140659522
3846.32 0.24661907099863797
3847.79 0.24465291036137743
3849.26 0.25525478898642284
3850.73 0.2648434876963589
3852.2 0.26226554973771343
3853.67 0.26397481361067837
3855.14 0.26920801427619245
3856.61 0.27490626064889107
3858.08 0.28304878593293276
3859.55 0.29033351078406155
3861.02 0.2998478091672148
3862.49 0.3121437249685983
3863.96 0.3150504655271395
3865.43 0.3145170833011819
3866.9 0.3339646650173766
3868.37 0.3571166691439905
3869.84 0.3639963549079651
3871.31 0.36732455251537643
3872.78 0.39315458773875633
3874.25 0.40093433697566366
3875.72 0.4059855741380469
3877.19 0.4181890280633841
3878.66 0.42497064942264173
3880.13 0.448084062830187
3881.6 0.4552562400010426
3883.07 0.4558980900482655
3884.54 0.47160196447674374
3886.01 0.4828592852149716
3887.48 0.49165068721888555
3888.95 0.5030177297416303
3890.42 0.49288646800335867
3891.89 0.5238890523768358
3893.36 0.5451317272721288
3894.83 0.5520438414214784
3896.3 0.5737434515687819
3897.77 0.5757226086394576
3899.24 0.5865601651792051
3900.71 0.5879573041635208
3902.18 0.5889765075806781
3903.65 0.603543171693141
3905.12 0.616698724087913
3906.59 0.6114690703470249
3908.06 0.6176181478577628
3909.53 0.6353469490156007
3911.0 0.6438017962396598
3912.47 0.6454589534610797
3913.94 0.6490197164672649
3915.41 0.6579331111818008
3916.88 0.6645960449192925
3918.35 0.6547661374210266
3919.82 0.6490860869507972
3921.29 0.6528813858694374
3922.76 0.6735325036007779
3924.23 0.6837564690508658
3925.7 0.67120519259017
3927.17 0.6671443669529987
3928.64 0.6641514253777889
3930.11 0.6498759046617114
3931.58 0.6325223072225193
3933.05 0.6300313987919766
3934.52 0.6365928510748906
3935.99 0.6453049399031394
3937.46 0.6452104000308475
3938.93 0.6378172566212955
3940.4 0.6322186241936176
3941.87 0.6501072608816356
3943.34 0.6609444143617665
3944.81 0.6792769988252604
3946.28 0.6830619525470748
3947.75 0.6832593174059997
3949.22 0.6842001033355288
3950.69 0.6850805198913728
3952.16 0.6904083858255039
3953.63 0.6902436687955231
3955.1 0.6901542343450413
3956.57 0.6938446481945639
3958.04 0.6963994639665375
3959.51 0.6908042351533998
3960.98 0.6951727744156385
3962.45 0.6968710437179509
3963.92 0.6999452689825069
3965.39 0.6919462821848142
3966.86 0.6941166686513621
3968.33 0.6970235793906303
3969.8 0.7085945252949691
3971.27 0.727749082669901
3972.74 0.7276099375333727
3974.21 0.712213508023551
3975.68 0.7215934218520921
3977.15 0.7466565197154597
3978.62 0.7695684884050721
3980.09 0.7727314763540821
3981.56 0.7799131478181286
3983.03 0.7769832626807145
3984.5 0.792597747443113
3985.97 0.8170006336545017
3987.44 0.8223315001435564
3988.91 0.8151879402054789
3990.38 0.8200620953645323
3991.85 0.8445197976837776
3993.32 0.8392045161665646
3994.79 0.8456892975535222
3996.26 0.8462600747550192
3997.73 0.8608125422120977
3999.2 0.8722970094364765
4000.67 0.8647578240925125
4002.14 0.8825180639004446
4003.61 0.8811279560672184
4005.08 0.875758037579756
4006.55 0.885772904657636
4008.02 0.8853167307404568
4009.49 0.9013120620561333
4010.96 0.9069042903143476
4012.43 0.9157273548903649
4013.9 0.9106295912129062
4015.37 0.9081033926737109
4016.84 0.9135994688211666
4018.31 0.9097302308550825
4019.78 0.9137979980745394
4021.25 0.9069373412029081
4022.72 0.9068071529467486
4024.19 0.9067820736817163
4025.66 0.913897822506249
4027.13 0.8941380039404003
4028.6 0.8896931072730182
4030.07 0.8846485922493517
4031.54 0.8780398476380908
4033.01 0.8565321834370891
4034.48 0.8460471249242528
4035.95 0.8304276690932498
4037.42 0.8367107415343038
4038.89 0.8291340716459965
4040.36 0.8086458347841613
4041.83 0.7823614214981162
4043.3 0.7623420773235838
4044.77 0.7668086944258601
4046.24 0.7732962076613303
4047.71 0.7601347885099168
4049.18 0.7387893781967946
4050.65 0.7208182486405806
4052.12 0.7174906332303935
4053.59 0.717958719798463
4055.06 0.7056074952608027
4056.53 0.6789618957738887
4058.0 0.6691205234687507
4059.47 0.6546870481673708
4060.94 0.6477447045467767
4062.41 0.6393283719083033
4063.88 0.6245231412872193
4065.35 0.6188165784510984
4066.82 0.6113829499422797
4068.29 0.5997621589986888
4069.76 0.597743860360802
4071.23 0.5953323098903262
4072.7 0.5798258003207728
4074.17 0.5668017797142155
4075.64 0.5567246623177728
4077.11 0.5485185924459551
4078.58 0.5479531893726793
4080.05 0.5410657962131474
4081.52 0.5384247704676248
4082.99 0.5331864285527791
4084.46 0.5345326028877968
4085.93 0.5291789859226055
4087.4 0.5302454816681097
4088.87 0.5271947234301197
4090.34 0.5117283406846183
4091.81 0.5033070369775402
4093.28 0.5062672859394041
4094.75 0.5136721628622392
4096.22 0.5054575839540713
4097.69 0.5033936947951075
4099.16 0.4885491434692049
4100.63 0.4867151326449045
4102.1 0.4835671922549139
4103.57 0.46846495148080297
4105.04 0.4752544011535029
4106.51 0.48611479773819066
4107.98 0.4849915153711487
4109.45 0.46930067320360697
4110.92 0.45491708772588074
4112.39 0.44464270847463744
4113.86 0.4499273888100708
4115.33 0.44591699936625595
4116.8 0.43585979311487294
4118.27 0.4163504178810144
4119.74 0.4207410179396014
4121.21 0.4156862786369939
4122.68 0.4088638676445371
4124.15 0.40562224276432973
4125.62 0.3976804098202699
4127.09 0.39292647390952556
4128.56 0.3921905452693497
4130.03 0.3854013643030609
4131.5 0.3855716883401526
4132.97 0.37887424822104043
4134.44 0.3776067063387798
4135.91 0.3860636181237638
4137.38 0.38148483848707004
4138.85 0.3764368437153803
4140.32 0.3796879539318981
4141.79 0.37354347577922953
4143.26 0.376742689830891
4144.73 0.3863929984424433
4146.2 0.3895919572230142
4147.67 0.3938555845454941
4149.14 0.3952928100479
4150.61 0.3946667285885663
4152.08 0.39428908859846007
4153.55 0.3965801645495363
4155.02 0.39317162820365775
4156.49 0.3915879935347446
4157.96 0.3775821913572106
4159.43 0.38199474920802146
4160.9 0.37434347298468285
4162.37 0.36746028508048406
4163.84 0.3741409400057853
4165.31 0.3647720924029398
4166.78 0.3632006704404094
4168.25 0.35867233147551214
4169.72 0.36025233412943575
4171.19 0.3479008498422447
4172.66 0.3507003675858919
4174.13 0.3475348896241393
4175.6 0.34649805010953594
4177.07 0.3546120432511631
4178.54 0.3481281933797637
4180.01 0.3438931832900619
4181.48 0.3401274017706767
4182.95 0.3429419939439845
4184.42 0.33619539398696857
4185.89 0.3341071421134019
4187.36 0.3272397586246137
4188.83 0.3221991353654674
4190.3 0.3267545151521978
4191.77 0.3370602434847316
4193.24 0.33918009971067936
4194.71 0.33250768511531736
4196.18 0.3365336550525337
4197.65 0.3323364609117486
4199.12 0.3355505836907838
4200.59 0.34314674375077336
4202.06 0.3438244616254329
4203.53 0.338691712373254
4205.0 0.3440986138197588
4206.47 0.34572679553318586
4207.94 0.34422238894957424
4209.41 0.33851420939654675
4210.88 0.3560247537719998
4212.35 0.3652286156384534
4213.82 0.3639615036864504
4215.29 0.3641444703601826
4216.76 0.3660263915375752
4218.23 0.36673827543240123
4219.7 0.3655174168106224
4221.17 0.3754782694214388
4222.64 0.3768748754713726
4224.11 0.3805028106018831
4225.58 0.3926288322964326
4227.05 0.39035650309596803
4228.52 0.39145025462843436
4229.99 0.39836073414711665
4231.46 0.40897209810847257
4232.93 0.4141998082063207
4234.4 0.4082230969013986
4235.87 0.40260548484421954
4237.34 0.410435885239612
4238.81 0.4117978147271983
4240.28 0.4094363511317444
4241.75 0.41795301426566817
4243.22 0.41628203657783935
4244.69 0.41380811934935613
4246.16 0.4233048398547857
4247.63 0.41951926362978564
4249.1 0.4154626522048279
4250.57 0.4229671789002053
4252.04 0.42310367727858444
4253.51 0.42296542783009317
4254.98 0.41308017576802897
4256.45 0.40520364743873755
4257.92 0.40839372099398263
4259.39 0.40875551626271656
4260.86 0.40561882571446906
4262.33 0.3942964780247643
4263.8 0.4093331633914565
4265.27 0.403585631784529
4266.74 0.388421324307903
4268.21 0.39323339037224037
4269.68 0.3994886964841513
4271.15 0.39434584834935665
4272.62 0.38812987189914483
4274.09 0.3957298565470519
4275.56 0.3994872051635699
4277.03 0.3882383576341708
4278.5 0.3883627687024924
4279.97 0.3917197537234087
4281.44 0.3946443050385632
4282.91 0.38628182564330665
4284.38 0.38566966317606594
4285.85 0.39045204613886136
4287.32 0.39970728467110983
4288.79 0.3986678610965201
4290.26 0.38488530020529615
4291.73 0.3878504261885209
4293.2 0.39545506393577956
4294.67 0.39753840296046394
4296.14 0.39820424401175447
4297.61 0.39781306569697095
4299.08 0.3982070206446688
4300.55 0.40312662749315326
4302.02 0.39689215956342017
4303.49 0.39979134051493015
4304.96 0.4143969133157149
4306.43 0.4097282737767219
4307.9 0.40249717376836064
4309.37 0.4048827671995279
4310.84 0.40865138804998996
4312.31 0.4195226806796463
4313.78 0.42261589005214384
4315.25 0.4189258971759986
4316.72 0.4157458150208048
4318.19 0.4142617405556302
4319.66 0.4239634258329776
4321.13 0.42274222684974466
4322.6 0.4269721539098372
4324.07 0.42781652797907743
4325.54 0.43358148519676226
4327.01 0.42981564097921454
4328.48 0.4315649062799062
4329.95 0.43482254606221277
4331.42 0.4316957259961316
4332.89 0.4347208541209465
4334.36 0.43255769137841593
4335.83 0.42982781337963566
4337.3 0.4240470517465402
4338.77 0.4234963513923896
4340.24 0.4198137479425486
4341.71 0.4219173743012682
4343.18 0.4226101262996266
4344.65 0.4280687716440215
4346.12 0.4353745272502561
4347.59 0.44870768562585955
4349.06 0.45021830828444703
4350.53 0.44610346818021224
4352.0 0.433131625880243
4353.47 0.42967726165595793
4354.94 0.4342806010586226
4356.41 0.4297210831931619
4357.88 0.42367018204814566
4359.35 0.42110413882662984
4360.82 0.41842563749364453
4362.29 0.4233598082296086
4363.76 0.4163103134491634
4365.23 0.41866878544657415
4366.7 0.42320485867766977
4368.17 0.4294631160816622
4369.64 0.4249321258801758
4371.11 0.41105564761984564
4372.58 0.4082665332927467
4374.05 0.4074608529466994
4375.52 0.409387321168606
4376.99 0.40955188145318044
4378.46 0.40591941861964353
4379.93 0.4032207598273884
4381.4 0.3958592252486576
4382.87 0.39690954486821584
4384.34 0.3891782254834622
4385.81 0.3773500648455746
4387.28 0.37252369464328844
4388.75 0.3742059893494631
4390.22 0.36819728406786395
4391.69 0.37145065589667486
4393.16 0.37398944780966886
4394.63 0.3740732035979968
4396.1 0.3691071732385612
4397.57 0.3588026809555182
4399.04 0.35381463010569614
4400.51 0.3539604436396588
4401.98 0.3526594388523406
4403.45 0.3553086198374389
4404.92 0.34091605508714307
4406.39 0.33922902219125334
4407.86 0.33310071120765034
4409.33 0.3299828972847799
4410.8 0.3323842951313578
4412.27 0.33191679523895234
4413.74 0.32719611174657687
4415.21 0.3287273844928545
4416.68 0.3330596036051981
4418.15 0.3292953984967578
4419.62 0.32682867812165084
4421.09 0.32633471960463617
4422.56 0.3308286596704773
4424.03 0.3301673821497346
4425.5 0.3287296461051476
4426.97 0.3200522248823659
4428.44 0.3206499040740505
4429.91 0.3253551503831104
4431.38 0.32960363609932697
4432.85 0.32692808605842316
4434.32 0.33008909453687174
4435.79 0.33046349213628445
4437.26 0.3218236315913291
4438.73 0.334163136051027
4440.2 0.34255034539298157
4441.67 0.3371681291087729
4443.14 0.33855066389964744
4444.61 0.3384929188919103
4446.08 0.34502027233126054
4447.55 0.35219616660746916
4449.02 0.3424231129073438
4450.49 0.35145814205728704
4451.96 0.3534021388940752
4453.43 0.3538667591494421
4454.9 0.35633243604798615
4456.37 0.36100449263683976
4457.84 0.36891749786143285
4459.31 0.37065369059522635
4460.78 0.37050911758919475
4462.25 0.37523046836915763
4463.72 0.38720567859049876
4465.19 0.3952058521748403
4466.66 0.39424001385091983
4468.13 0.3923012075263054
4469.6 0.3991630377492649
4471.07 0.4160093801825349
4472.54 0.41988016321048277
4474.01 0.418261292174199
4475.48 0.423365406279839
4476.95 0.43323656469064303
4478.42 0.44756473842796807
4479.89 0.455333448309821
4481.36 0.4678406121347009
4482.83 0.47859778067313913
4484.3 0.48976772704337007
4485.77 0.5023334688658615
4487.24 0.5055406590194912
4488.71 0.5106380644217351
4490.18 0.5258176030734281
4491.65 0.5404082716252793
4493.12 0.5507166108884406
4494.59 0.5466667126453193
4496.06 0.5490209390814352
4497.53 0.5692679671549405
4499.0 0.5700421551096113
4500.47 0.5751383961174074
4501.94 0.5918977493285362
4503.41 0.5929978333754232
4504.88 0.5937724243897106
4506.35 0.6022165233573272
4507.82 0.6102541143094091
4509.29 0.6215703713204631
4510.76 0.628961006803512
4512.23 0.6296459394453084
4513.7 0.6349290657619979
4515.17 0.6385924746172087
4516.64 0.6401923973730724
4518.11 0.6402591709162212
4519.58 0.6371486702861718
4521.05 0.6439786050581384
4522.52 0.6501472533524819
4523.99 0.6494675157012993
4525.46 0.6613022417324971
4526.93 0.6672990970613685
4528.4 0.6761682000024811
4529.87 0.6743647321402381
4531.34 0.6744627651958738
4532.81 0.6830706855054343
4534.28 0.6925112821984735
4535.75 0.6959092986883589
4537.22 0.7053269209832523
4538.69 0.7098130640847324
4540.16 0.7144230360573102
4541.63 0.7167661111773672
4543.1 0.7254713032077321
4544.57 0.7306836701695085
4546.04 0.7265347536139108
4547.51 0.7313839638611374
4548.98 0.732673441143421
4550.45 0.7536359000363783
4551.92 0.758200639763094
4553.39 0.7704480540572809
4554.86 0.7772581493392308
4556.33 0.7836763811050488
4557.8 0.7827583008672545
4559.27 0.8025521107941023
4560.74 0.8169926172465717
4562.21 0.8224292197083792
4563.68 0.8251941638938031
4565.15 0.8377957780221713
4566.62 0.8351410930340863
4568.09 0.8434555859427675
4569.56 0.855598786933864
4571.03 0.8712013590453721
4572.5 0.8734219040419847
4573.97 0.868128880372488
4575.44 0.8931619279022185
4576.91 0.89754000624205
4578.38 0.8937129551825026
4579.85 0.9005647895269706
4581.32 0.9223301879605824
4582.79 0.9194273973862838
4584.26 0.9223484599965346
4585.73 0.9240803623846314
4587.2 0.9227367855449208
4588.67 0.935329756283733
4590.14 0.9507209012341373
4591.61 0.9519965401362512
4593.08 0.9512787805279033
4594.55 0.9577718470292022
4596.02 0.9617952776908338
4597.49 0.9643781732827633
4598.96 0.9710605434506553
4600.43 0.9677820565292903
4601.9 0.844895494030844
4603.37 0.9298029580366125
4604.84 0.979337014402171
4606.31 0.9813425047011307
4607.78 0.969279467789334
4609.25 0.9803233460683751
4610.72 0.9940286717801796
4612.19 0.9903585004802903
4613.66 0.9940079813865277
4615.13 0.9943025731818551
4616.6 0.9899094024986025
4618.07 1.0
4619.54 0.9927884573399239
4621.01 0.985468581211788
4622.48 0.9849233759037436
4623.95 0.9733689106592833
4625.42 0.9844233132727577
4626.89 0.9586232880770532
4628.36 0.9555189229100564
4629.83 0.9428267547211604
4631.3 0.937045312365157
4632.77 0.9364760130489207
4634.24 0.9396918018077045
4635.71 0.9239522342109568
4637.18 0.9114645963852807
4638.65 0.9114918253016018
4640.12 0.9032331337576177
4641.59 0.9056450425033085
4643.06 0.885040590118689
4644.53 0.8773328362861855
4646.0 0.8731212215680066
4647.47 0.8522089212051143
4648.94 0.8608674926731599
4650.41 0.8478545785982599
4651.88 0.8376929978199402
4653.35 0.8375178908087315
4654.82 0.8358476117575714
4656.29 0.8408631960576469
4657.76 0.8217586180751727
4659.23 0.8099531810427807
4660.7 0.8079581255094506
4662.17 0.8115868264532325
4663.64 0.8035007787783558
4665.11 0.7957247735174426
4666.58 0.7915868291402967
4668.05 0.7858402290489276
4669.52 0.7806566136731347
4670.99 0.7896118370189925
4672.46 0.7846281392130297
4673.93 0.7749184778337139
4675.4 0.7772641952334797
4676.87 0.7787300782746254
4678.34 0.7618613615541943
4679.81 0.7716029989964264
4681.28 0.7592976784706558
4682.75 0.7533751204644429
4684.22 0.7593833510313825
4685.69 0.7588410119250562
4687.16 0.7536567247832356
4688.63 0.7536745041907675
4690.1 0.7530850071092999
4691.57 0.7401643041177959
4693.04 0.750612191577102
4694.51 0.7408979621887982
4695.98 0.7479123639119587
4697.45 0.7459690791471598
4698.92 0.7356752500301958
4700.39 0.7355927571619999
4701.86 0.7357234380465797
4703.33 0.7294071803637595
4704.8 0.7260224200568197
4706.27 0.7304670480177908
4707.74 0.7350170984607018
4709.21 0.7216973664487712
4710.68 0.7307543399556178
4712.15 0.7206569800095417
4713.62 0.7109045047420636
4715.09 0.7165829877582286
4716.56 0.7155603359421293
4718.03 0.7066771706988377
4719.5 0.7062690504448367
4720.97 0.7006697910355332
4722.44 0.6901926593618232
4723.91 0.6832436876497563
4725.38 0.6823469247872394
4726.85 0.6854308682669955
4728.32 0.6828881890679215
4729.79 0.6685389980108113
4731.26 0.6703045782690945
4732.73 0.670146354977381
4734.2 0.6700469336052881
4735.67 0.6688878685011731
4737.14 0.6548458536563083
4738.61 0.6502282235510153
4740.08 0.6585226530476703
4741.55 0.6520873584247499
4743.02 0.6463313536089936
4744.49 0.6484543581783909
4745.96 0.6361399016346441
4747.43 0.6380524195153764
4748.9 0.6386782367467393
4750.37 0.6311275865959031
4751.84 0.637594275084516
4753.31 0.6277741753702539
4754.78 0.6244336172679338
4756.25 0.6240396041005136
4757.72 0.6179675109765449
4759.19 0.6114435432379741
4760.66 0.6003995306057274
4762.13 0.6012953082114036
4763.6 0.5958947571930803
4765.07 0.5995114559171683
4766.54 0.5994049138251821
4768.01 0.5893489794508117
4769.48 0.5803595856063469
4770.95 0.5791392554405099
4772.42 0.575381933694633
4773.89 0.5684600565456814
4775.36 0.56335736658402
4776.83 0.5542128395715691
4778.3 0.5448291638532733
4779.77 0.5376620921042278
4781.24 0.526801113322316
4782.71 0.5231989247444255
4784.18 0.5129707943449661
4785.65 0.5039881629451799
4787.12 0.5085102679213405
4788.59 0.483938320592992
4790.06 0.48163985073717136
4791.53 0.4765149029277937
4793.0 0.46905229891098216
4794.47 0.47863701180915413
4795.94 0.4648122013132309
4797.41 0.46020500597356745
4798.88 0.4585229038403207
4800.35 0.45590364331409405
4801.82 0.4550618756970412
4803.29 0.4597279625251291
4804.76 0.45174599380013697
4806.23 0.45288047226763983
4807.7 0.45207139726393275
4809.17 0.4741312083552646
4810.64 0.4679251203009798
4812.11 0.47292883673456687
4813.58 0.48405292387730986
4815.05 0.48753531418026874
4816.52 0.48865232673105263
4817.99 0.5085112979625829
4819.46 0.5104555231998205
4820.93 0.506446020487162
4822.4 0.5228330809657649
4823.87 0.5366589662873323
4825.34 0.5362896293253279
4826.81 0.5442227830523104
4828.28 0.560016494990887
4829.75 0.5707577202822689
4831.22 0.578308952630329
4832.69 0.5899246381521096
4834.16 0.5958655129786764
4835.63 0.6124486843529525
4837.1 0.6131932698180047
4838.57 0.620114654338536
4840.04 0.6249987068503968
4841.51 0.6350061845019727
4842.98 0.640402749708532
4844.45 0.6507346903514648
4845.92 0.6556212060054271
4847.39 0.663390986234484
4848.86 0.6674022803232162
4850.33 0.6582702033744778
4851.8 0.663585753598102
4853.27 0.6732393001219077
4854.74 0.6679070005319939
4856.21 0.6589246826230206
4857.68 0.6555546563842874
4859.15 0.6507316450121395
4860.62 0.6367912907594597
4862.09 0.6389208338515262
4863.56 0.6229980980512382
4865.03 0.6361815511283587
4866.5 0.6371088121685311
4867.97 0.6354121998890869
4869.44 0.6381595438045863
4870.91 0.6264402719613413
4872.38 0.605497562989597
4873.85 0.5749121901036952
4875.32 0.5525945104265477
4876.79 0.5421032268818551
4878.26 0.5384865729421691
4879.73 0.5326367448045504
4881.2 0.52272049297953
4882.67 0.5068874603361347
4884.14 0.5047374955568276
4885.61 0.49902582729889644
4887.08 0.49661974052544555
4888.55 0.48718362227259077
4890.02 0.48023818852826944
4891.49 0.4784055212360244
4892.96 0.4847793716596155
4894.43 0.47438701685859547
4895.9 0.4687453914051478
4897.37 0.48109164487420353
4898.84 0.4793973613836553
4900.31 0.4759436778822782
4901.78 0.47829100752051024
4903.25 0.49530366130846676
4904.72 0.4963626332744613
4906.19 0.506595824311329
4907.66 0.5139850714779206
4909.13 0.5141283815638202
4910.6 0.5204097074132024
4912.07 0.5342912149618596
4913.54 0.5362737756470752
4915.01 0.5528865942953718
4916.48 0.5591161045918208
4917.95 0.556734335748571
4919.42 0.5687592611343988
4920.89 0.5815202181645265
4922.36 0.5944476836007089
4923.83 0.5988124609731929
4925.3 0.5994355911404451
4926.77 0.6133588377516206
4928.24 0.6265181520361475
4929.71 0.6385636782468233
4931.18 0.6443287295117519
4932.65 0.6417818405789046
4934.12 0.668250093834518
4935.59 0.6781266666795048
4937.06 0.6949461205579079
4938.53 0.6970553763159393
4940.0 0.6989052408184923
4941.47 0.7169699249901575
4942.94 0.7221164588812239
4944.41 0.7326117730220825
4945.88 0.7365646234664086
4947.35 0.7378981238157044
4948.82 0.751079561594742
4950.29 0.7648814424769214
4951.76 0.7758417978465241
4953.23 0.7884763732946491
4954.7 0.7753673071089909
4956.17 0.7821622204787158
4957.64 0.7863701628759432
4959.11 0.7962170884469096
4960.58 0.805932840504876
4962.05 0.8049846203646409
4963.52 0.8041667228337707
4964.99 0.8004120881520044
4966.46 0.8124687208943373
4967.93 0.8204716487193924
4969.4 0.821323224120449
4970.87 0.8185981828370678
4972.34 0.8098254111443207
4973.81 0.8233846501373112
4975.28 0.8273716710802441
4976.75 0.8237141737660766
4978.22 0.8101490680164447
4979.69 0.8080106576128132
4981.16 0.813832092439663
4982.63 0.8116948016460775
4984.1 0.8035113031127891
4985.57 0.7998647331926715
4987.04 0.7936281021763294
4988.51 0.7902142320081912
4989.98 0.7893950357296675
4991.45 0.7823206229080367
4992.92 0.7717811961313622
4994.39 0.7633804484647303
4995.86 0.746608018208263
4997.33 0.7301202376099138
4998.8 0.7255602898141954
5000.27 0.7140671344158589
5001.74 0.7038648894006652
5003.21 0.6871599492377762
5004.68 0.6758483498045139
5006.15 0.6563110649314263
5007.62 0.6367318618582132
5009.09 0.6328027023624623
5010.56 0.6176975953866334
5012.03 0.6023368142606791
5013.5 0.5957607622627642
5014.97 0.5798211875273829
5016.44 0.5641424819327407
5017.91 0.5538872569701659
5019.38 0.5417427124470139
5020.85 0.5287705969621934
5022.32 0.5084457783826857
5023.79 0.49333480465021523
5025.26 0.4871402261872042
5026.73 0.4782956203139001
5028.2 0.46643827815977135
5029.67 0.4609225864443079
5031.14 0.4557583627145134
5032.61 0.448600158277033
5034.08 0.44713597704315733
5035.55 0.44150098415962274
5037.02 0.43675806521173194
5038.49 0.4295285057867941
5039.96 0.4323482436878737
5041.43 0.4326387556241931
5042.9 0.4359625106189415
5044.37 0.4351934370429612
5045.84 0.43495054883956225
5047.31 0.4373319549291571
5048.78 0.4476063386588406
5050.25 0.45103114517790893
5051.72 0.45116249782851636
5053.19 0.46431460182434636
5054.66 0.46387325154417736
5056.13 0.4637671572962098
5057.6 0.46917151498869
5059.07 0.48359549599687907
5060.54 0.4881170187758157
5062.01 0.4884447510285074
5063.48 0.4832971870961987
5064.95 0.48768153525228825
5066.42 0.49522931920140634
5067.89 0.501561161856068
5069.36 0.5039429754837197
5070.83 0.506799145495699
5072.3 0.5142896054104573
5073.77 0.5238554640754531
5075.24 0.5322450156416242
5076.71 0.5427132352193672
5078.18 0.5396697768388777
5079.65 0.547880011660067
5081.12 0.5509360992418763
5082.59 0.5480943498072904
5084.06 0.5646920761121658
5085.53 0.5654662192824348
5087.0 0.5691582901548254
5088.47 0.5747516828074876
5089.94 0.5804742784594685
5091.41 0.5864913315535714
5092.88 0.589565959877744
5094.35 0.5919410558451191
5095.82 0.5933984746343163
5097.29 0.5960398586550536
5098.76 0.5975536162217702
5100.23 0.6020061710218677
5101.7 0.6016778117875502
5103.17 0.6097252105236358
5104.64 0.6065702389825558
5106.11 0.6085681159332019
5107.58 0.6153010476907752
5109.05 0.61321064616592
5110.52 0.61992333537386
5111.99 0.6235619784548512
5113.46 0.6188876065124224
5114.93 0.6194986001067749
5116.4 0.623273074278558
5117.87 0.6271224279702237
5119.34 0.6318214761180684
5120.81 0.63513923895985
5122.28 0.6363936052710883
5123.75 0.6355618245756466
5125.22 0.6352044450489344
5126.69 0.638588936649463
5128.16 0.6396720026236493
5129.63 0.6435317910809446
5131.1 0.6372235498060544
5132.57 0.6353252285807066
5134.04 0.6411422297517739
5135.51 0.6417610606164492
5136.98 0.6462324696497228
5138.45 0.6414545113858297
5139.92 0.6389402702819263
5141.39 0.6333568197664735
5142.86 0.6369080884794679
5144.33 0.6393572578474924
5145.8 0.638489873552585
5147.27 0.6445427541681626
5148.74 0.6413047523460645
5150.21 0.6303242439956321
5151.68 0.6331569021966436
5153.15 0.6370762091239889
5154.62 0.6313971886950018
5156.09 0.6416880172570423
5157.56 0.636990536563262
5159.03 0.6300669128226386
5160.5 0.6308951107659329
5161.97 0.6391563550208219
5163.44 0.6367473124768492
5164.91 0.6382130163803876
5166.38 0.6325228894197433
5167.85 0.6331122969324073
5169.32 0.6355639294425333
5170.79 0.6357557410356295
5172.26 0.6324873306046794
5173.73 0.6318419873741127
5175.2 0.6298100742780653
5176.67 0.6223330496838602
5178.14 0.621751121166304
5179.61 0.6344841327296814
5181.08 0.631924928086327
5182.55 0.6326845611103988
5184.02 0.6260168802263117
5185.49 0.6166437736268509
5186.96 0.6131030292482897
5188.43 0.6229281448155584
5189.9 0.6177181514270795
5191.37 0.6156429765988513
5192.84 0.6221222942887841
5194.31 0.6313498515822531
5195.78 0.6307440977629162
5197.25 0.629773530206161
5198.72 0.6383097506883698
5200.19 0.6316482500517372
5201.66 0.6374054192619414
5203.13 0.6453190022053183
5204.6 0.6481074134173083
5206.07 0.6531219228917395
5207.54 0.6468020376723701
5209.01 0.6423033101539719
5210.48 0.6497661380927927
5211.95 0.652567044152897
5213.42 0.6653663814154047
5214.89 0.6618506715174742
5216.36 0.6646845388973355
5217.83 0.6800064919468913
5219.3 0.6841254925220573
5220.77 0.6828614527800209
5222.24 0.6942128655465222
5223.71 0.7032599417005614
5225.18 0.7021076390411248
5226.65 0.708011745873778
5228.12 0.7182376370531451
5229.59 0.7255636486443335
5231.06 0.7326274923471294
5232.53 0.7433048102970805
5234.0 0.7408565366170929
5235.47 0.7424409639699187
5236.94 0.7438644361825185
5238.41 0.7498316442373694
5239.88 0.7546018100153419
5241.35 0.7589383732146642
5242.82 0.7620667876054511
5244.29 0.7640649332625082
5245.76 0.7642073924447729
5247.23 0.767084252850404
5248.7 0.7783537997303351
5250.17 0.7789645694026786
5251.64 0.7776883035189388
5253.11 0.7820385259608236
5254.58 0.7855009424205602
5256.05 0.7915388202615202
5257.52 0.7927561050880321
5258.99 0.800309934931399
5260.46 0.8044619416107238
5261.93 0.8057279070820396
5263.4 0.8060420248765708
5264.87 0.8160129584562422
5266.34 0.8193367671922729
5267.81 0.8189612947672159
5269.28 0.8266120380561726
5270.75 0.8280371672916405
5272.22 0.8337601212188361
5273.69 0.8417246240271092
5275.16 0.8470800771527761
5276.63 0.8547873383568594
5278.1 0.8554496548757249
5279.57 0.8662958100206264
5281.04 0.8773291639652342
5282.51 0.871492368088552
5283.98 0.8786909232720934
5285.45 0.8849198065869168
5286.92 0.8797418340457562
5288.39 0.8868788106767627
5289.86 0.8945695464365656
5291.33 0.8879497848624511
5292.8 0.8807386900463935
5294.27 0.8841341090409721
5295.74 0.8896171081430896
5297.21 0.8945760401748328
5298.68 0.8859946322311638
5300.15 0.883161794892545
5301.62 0.8994958754237667
5303.09 0.8989886472884858
5304.56 0.8985257557110301
5306.03 0.9053019044163825
5307.5 0.9087004135346881
5308.97 0.9036055608433494
5310.44 0.9020871456988412
5311.91 0.9074306413892157
5313.38 0.9071096267968006
5314.85 0.9065899485978072
5316.32 0.9044324152545884
5317.79 0.9079294948413519
5319.26 0.9061080236495678
5320.73 0.9122160338638151
5322.2 0.9186206959558745
5323.67 0.9180376030438704
5325.14 0.9218648332410252
5326.61 0.9142530971660744
5328.08 0.9085863924475943
5329.55 0.9128451203565124
5331.02 0.9117128363247
5332.49 0.9149762756870453
5333.96 0.9171796682577519
5335.43 0.9158720532927217
5336.9 0.9129646499250332
5338.37 0.9181872725148318
5339.84 0.9179876236514128
5341.31 0.919726378052992
5342.78 0.9190243825540929
5344.25 0.9127231724302923
5345.72 0.9122625648573306
5347.19 0.9239448895690545
5348.66 0.9242435119605478
5350.13 0.9217242997880398
5351.6 0.9258384636478068
5353.07 0.9155573533009664
5354.54 0.9133768007752001
5356.01 0.9188253606722999
5357.48 0.9263336447789918
5358.95 0.9283942198922192
5360.42 0.9177347261342019
5361.89 0.9116499590245115
5363.36 0.9132507774684121
5364.83 0.9128106363670929
5366.3 0.9103081735608746
5367.77 0.9030731638742323
5369.24 0.8978940717230256
5370.71 0.9041025333506081
5372.18 0.9074061443214072
5373.65 0.8943861543110159
5375.12 0.8894865616117155
5376.59 0.8886256262706734
5378.06 0.8807456316286792
5379.53 0.8787175699911904
5381.0 0.8794751877171791
5382.47 0.8719908184810715
5383.94 0.8649229441821099
5385.41 0.8656231035205332
5386.88 0.8649937483214246
5388.35 0.8602604848905713
5389.82 0.8547689319677017
5391.29 0.8518365836881863
5392.76 0.8426050405829533
5394.23 0.8278447287169183
5395.7 0.8306715201612883
5397.17 0.8348527262706152
5398.64 0.8286993494573004
5400.11 0.8136052146599231
5401.58 0.8102310682562204
5403.05 0.8104523032013279
5404.52 0.8153470144008275
5405.99 0.8123387117757853
5407.46 0.7984390665443813
5408.93 0.8039385463063774
5410.4 0.8160047629107048
5411.87 0.803937784971546
5413.34 0.7970573333942997
5414.81 0.8050967605068573
5416.28 0.805478054904154
5417.75 0.8020543769520121
5419.22 0.8031206039911054
5420.69 0.7944746169399777
5422.16 0.7981337264926115
5423.63 0.7992441557363243
5425.1 0.7987170433266247
5426.57 0.7944001852641136
5428.04 0.8015403863720528
5429.51 0.8065942613357047
5430.98 0.8057633763282998
5432.45 0.8162148913241553
5433.92 0.8251561419366379
5435.39 0.8195924413423982
5436.86 0.8163797427073417
5438.33 0.8217291947231614
5439.8 0.8204129811529772
5441.27 0.8242460333223716
5442.74 0.8276565446603714
5444.21 0.8365512194949367
5445.68 0.8404658240600885
5447.15 0.8456639047976768
5448.62 0.8486453815660147
5450.09 0.8527685918749541
5451.56 0.8637342318039745
5453.03 0.8716844036036575
5454.5 0.8770509632609816
5455.97 0.8853235827539389
5457.44 0.8926981854211277
5458.91 0.8917324097953698
5460.38 0.890147131538909
5461.85 0.8946394101034417
5463.32 0.8911949521888444
5464.79 0.8876630303374464
5466.26 0.8950923147592863
5467.73 0.904158424284109
5469.2 0.9041221937030175
5470.67 0.9071631889414056
5472.14 0.911121727004766
5473.61 0.9089412192634014
5475.08 0.9093658201772808
5476.55 0.9186672269493901
5478.02 0.9225973269175797
5479.49 0.9299670480849674
5480.96 0.9282576274665961
5482.43 0.9218124802752701
5483.9 0.9317590511403385
5485.37 0.9279070551689642
5486.84 0.9326773105157403
5488.31 0.9367625884363182
5489.78 0.9332531931390475
5491.25 0.9248579987382443
5492.72 0.9251808942755368
5494.19 0.9321441969961937
5495.66 0.9369942581470553
5497.13 0.9255184790966342
5498.6 0.9200917739876341
5500.07 0.9236148285274669
5501.54 0.9222309457260969
5503.01 0.9142235394608575
5504.48 0.915071173834552
5505.95 0.8985533429025658
5507.42 0.8929925532944458
5508.89 0.8957442412969241
5510.36 0.8872566118907155
5511.83 0.8879838657922542
5513.3 0.8800244236213894
5514.77 0.8779516223664589
5516.24 0.8810900236788568
5517.71 0.8697871572039539
5519.18 0.8621007655311298
5520.65 0.8593003520994457
5522.12 0.8530669903444382
5523.59 0.8508950812082275
5525.06 0.8472803977822226
5526.53 0.8451750830515536
5528.0 0.8443462581266336
5529.47 0.8401611109899445
5530.94 0.8390844044008199
5532.41 0.8300534058470426
5533.88 0.8211972903824646
5535.35 0.8151097018554581
5536.82 0.8175176247893846
5538.29 0.8251698907480038
5539.76 0.8192446904620824
5541.23 0.8149967108096066
5542.7 0.8195207862994484
5544.17 0.8148707322872204
5545.64 0.8023986346489841
5547.11 0.7941436602103532
5548.58 0.7944975913381234
5550.05 0.7975566794748563
5551.52 0.8005041648821949
5552.99 0.8027554319784723
5554.46 0.7992672197032739
5555.93 0.8006996935806442
5557.4 0.8021402286503464
5558.87 0.7994804382404513
5560.34 0.7979040272955555
5561.81 0.7969745718196928
5563.28 0.7976538168424552
5564.75 0.7963771478990989
5566.22 0.7894611375067888
5567.69 0.7829733107805058
5569.16 0.7879079696664498
5570.63 0.7993899737487272
5572.1 0.8052960510950614
5573.57 0.7986341921832142
5575.04 0.7953246696713716
5576.51 0.8047342307739331
5577.98 0.809468210755216
5579.45 0.8007524048216141
5580.92 0.795758182681218
5582.39 0.8074792906849385
5583.86 0.8151726687244502
5585.33 0.8075818917495622
5586.8 0.8026651914087575
5588.27 0.8085461894900593
5589.74 0.8096245083176502
5591.21 0.8112982357677522
5592.68 0.8156652075759264
5594.15 0.8147044030187732
5595.62 0.8200192814763697
5597.09 0.8231712524625263
5598.56 0.8193403051600184
5600.03 0.818800877039812
5601.5 0.819577572920986
5602.97 0.8173405472644948
5604.44 0.8198806289682619
5605.91 0.8205771607701359
5607.38 0.8164102408849971
5608.85 0.8184040872394774
5610.32 0.8225376427452427
5611.79 0.822471944027738
5613.26 0.8174937099188001
5614.73 0.8164712372403082
5616.2 0.8192703071399369
5617.67 0.82162592189251
5619.14 0.8262502248736777
5620.61 0.8216274893465746
5622.08 0.8248733284389953
5623.55 0.8327937633958543
5625.02 0.8346286699081916
5626.49 0.8369732676979111
5627.96 0.8302874939154792
5629.43 0.8273449347923435
5630.9 0.823792859960116
5632.37 0.8227601316536017
5633.84 0.8279450009926463
5635.31 0.8276340181062442
5636.78 0.8234105355215768
5638.25 0.8163176267419845
5639.72 0.8217453618922269
5641.19 0.8219996477258951
5642.66 0.8201798783413811
5644.13 0.8158430464356475
5645.6 0.8074053964218965
5647.07 0.8099543902216304
5648.54 0.8128789907996268
5650.01 0.8203425352888771
5651.48 0.8166298635916384
5652.95 0.81170214628798
5654.42 0.8020044871283584
5655.89 0.8009469930476247
5657.36 0.8001056284901884
5658.83 0.7909525924413872
5660.3 0.7862006986993669
5661.77 0.7895610067229001
5663.24 0.791545493137395
5664.71 0.7821648627584245
5666.18 0.7774946557653669
5667.65 0.78106289776666
5669.12 0.7769074874727951
5670.59 0.7643356101872513
5672.06 0.766821905824404
5673.53 0.7758516056305279
5675.0 0.7761529598705337
5676.47 0.7750276622054088
5677.94 0.7647422077715896
5679.41 0.7588730327723744
5680.88 0.7609508498803115
5682.35 0.75529771483559
5683.82 0.7447424343806629
5685.29 0.7419864470756076
5686.76 0.7429531631738043
5688.23 0.7330022930061587
5689.7 0.7377037147273012
5691.17 0.7498350478519095
5692.64 0.7374615206821309
5694.11 0.7292446129850672
5695.58 0.7286117646026148
5697.05 0.7259175349877021
5698.52 0.717686609772861
5699.99 0.7110068371002762
5701.46 0.7061546262981263
5702.93 0.7092249105353201
5704.4 0.7091552707904533
5705.87 0.7026490824594143
5707.34 0.6952124533956721
5708.81 0.6921865505007053
5710.28 0.6897582506639399
5711.75 0.6856703304636534
5713.22 0.6856794216972276
5714.69 0.6827112458962373
5716.16 0.6817301092206471
5717.63 0.6849846364870256
5719.1 0.6791635151509886
5720.57 0.6706109931465086
5722.04 0.6662333626506955
5723.51 0.660882970162437
5724.98 0.6576173363644013
5726.45 0.6601282186381664
5727.92 0.6560973537658286
5729.39 0.6529871666265922
5730.86 0.6524431704973975
5732.33 0.6529198108862193
5733.8 0.6428180620687626
5735.27 0.6324427253404432
5736.74 0.6273995986332338
5738.21 0.6300987993167513
5739.68 0.6311037165097205
5741.15 0.6307700727159854
5742.62 0.6213647661315991
5744.09 0.6161176912583938
5745.56 0.6159565569805604
5747.03 0.6129959945278834
5748.5 0.609457937213433
5749.97 0.6153820626737103
5751.44 0.6164161792966816
5752.91 0.6120336673010676
5754.38 0.609066163266105
5755.85 0.6116538507890318
5757.32 0.6087500301734907
5758.79 0.6023620278789171
5760.26 0.5992726654865379
5761.73 0.603756838074337
5763.2 0.6032828847496259
5764.67 0.5972683843664282
5766.14 0.5917019967080778
5767.61 0.5991693478714847
5769.08 0.6062471643076558
5770.55 0.603392830456152
5772.02 0.6037675415463777
5773.49 0.6018759379813063
5774.96 0.5967583348138311
5776.43 0.6006002095103887
5777.9 0.6074103943611422
5779.37 0.6063452869320951
5780.84 0.6001322572955247
5782.31 0.6006933610662235
5783.78 0.6076840718408086
5785.25 0.6170748682789977
5786.72 0.6283846315517845
5788.19 0.6285343010227459
5789.66 0.6297008899063706
5791.13 0.6324548171289409
5792.6 0.6284120396057128
5794.07 0.6355824254004946
5795.54 0.6439710812786287
5797.01 0.6435752319507329
5798.48 0.6500683432364335
5799.95 0.6564445672333222
5801.42 0.6566938372139838
5802.89 0.6622006616178822
5804.36 0.6661474661679595
5805.83 0.6660882164043205
5807.3 0.6680437273108225
5808.77 0.676207162432085
5810.24 0.6889669998521667
5811.71 0.6906900797131004
5813.18 0.6944665691829663
5814.65 0.7040781527222445
5816.12 0.7018177943923928
5817.59 0.7018937935223214
5819.06 0.7083660352767629
5820.53 0.7062345664554172
5822.0 0.7048921092257525
5823.47 0.7142103997173567
5824.94 0.7172182544983804
5826.41 0.712626241070942
5827.88 0.7148643415530774
5829.35 0.7266081552485326
5830.82 0.7281404087732105
5832.29 0.7201661429653357
5833.76 0.7265884053273195
5835.23 0.7320601187601725
5836.7 0.7293508863706422
5838.17 0.7281753406066487
5839.64 0.726690827254336
5841.11 0.7296311471573795
5842.58 0.7348024468226654
5844.05 0.7347246115322612
5845.52 0.7300556585024552
5846.99 0.7307300668098186
5848.46 0.7318566632225969
5849.93 0.7235169119112761
5851.4 0.7205738601597199
5852.87 0.7267868450118886
5854.34 0.7318465867321821
5855.81 0.7367036342497312
5857.28 0.7378549068679254
5858.75 0.728577325397597
5860.22 0.7209207601364007
5861.69 0.7199039302925412
5863.16 0.7174691815019103
5864.63 0.7246165928985464
5866.1 0.73011844623384
5867.57 0.7270593133127053
5869.04 0.7226845938030121
5870.51 0.7169730151138848
5871.98 0.7172148956682421
5873.45 0.7189240475802025
5874.92 0.7178313977440216
5876.39 0.715885157208701
5877.86 0.7153108420394584
5879.33 0.7122463797745042
5880.8 0.7116209208183562
5882.27 0.710529748867436
5883.74 0.7123002554099221
5885.21 0.711824018080717
5886.68 0.6973604476612981
5888.15 0.6740510621897253
5889.62 0.6559111850073646
5891.09 0.6516275569710213
5892.56 0.6556580635681444
5894.03 0.6699274936055711
5895.5 0.667717965571812
5896.97 0.6566551882751929
5898.44 0.6532888343574108
5899.91 0.662024882840646
5901.38 0.6716318983709361
5902.85 0.6801640882569789
5904.32 0.6916809793882925
5905.79 0.6926698637654017
5907.26 0.6955267055434088
5908.73 0.7028390131076331
5910.2 0.7070372372896605
5911.67 0.7110670721207559
5913.14 0.7148543098470644
5914.61 0.7121941611619546
5916.08 0.7138826226802631
5917.55 0.7152897038017882
5919.02 0.7178471618534705
5920.49 0.7230574239483603
5921.96 0.7255312695218006
5923.43 0.7262590160517597
5924.9 0.7232210213682952
5926.37 0.7204884563054041
5927.84 0.7276761288792977
5929.31 0.7295808990585109
5930.78 0.7282172588067743
5932.25 0.728534108449818
5933.72 0.7221532716595394
5935.19 0.7255649026075852
5936.66 0.7340248552534544
5938.13 0.7264787283272045
5939.6 0.7188479588814701
5941.07 0.7192530337961458
5942.54 0.7163108329482248
5944.01 0.7236761204598301
5945.48 0.7214912686314867
5946.95 0.718003996828727
5948.42 0.7184522886911816
5949.89 0.7202390071871352
5951.36 0.725884887158758
5952.83 0.726536455421181
5954.3 0.7185422605544856
5955.77 0.715426654502626
5957.24 0.7191185462374095
5958.71 0.7169234387810438
5960.18 0.7105606053203063
5961.65 0.7103752426810755
5963.12 0.7149175454224677
5964.59 0.7155814293953976
5966.06 0.7155431835162231
5967.53 0.7090042577874365
5969.0 0.6977357857331495
5970.47 0.6978634660628057
5971.94 0.7091905161147042
5973.41 0.7063064006359744
5974.88 0.696601486403254
5976.35 0.7046757109960441
5977.82 0.7061051843184909
5979.29 0.6971403771106385
5980.76 0.6974010671137703
5982.23 0.700909566723004
5983.7 0.6991524507166691
5985.17 0.6940996057942597
5986.64 0.6933202676333768
5988.11 0.6887243579629779
5989.58 0.6845151616024987
5991.05 0.6840125462606077
5992.52 0.6844332957159286
5993.99 0.6897443227149666
5995.46 0.6871672490952767
5996.93 0.6860906768593577
5998.4 0.6887255671418276
5999.87 0.6823170535912096
6001.34 0.6797982444783184
6002.81 0.6785454904055465
6004.28 0.6711904585219634
6005.75 0.67103563884479
6007.22 0.6733809979693409
6008.69 0.6714659721621054
6010.16 0.6674020116168051
6011.63 0.6641437672450736
6013.1 0.6632633059048278
6014.57 0.6522389984093924
6016.04 0.6411771168008101
6017.51 0.646202911944506
6018.98 0.651750221447671
6020.45 0.6465610528060496
6021.92 0.6381679632721329
6023.39 0.6343742318075571
6024.86 0.6344000724074209
6026.33 0.630097993197518
6027.8 0.6308062137282733
6029.27 0.6316787482293926
6030.74 0.6237812876706795
6032.21 0.6231401541738861
6033.68 0.6237302782369797
6035.15 0.6182812704958615
6036.62 0.6153041825989043
6038.09 0.6185444684254965
6039.56 0.6238486434110523
6041.03 0.6229160082426587
6042.5 0.6186307679678491
6043.97 0.6145547604184529
6045.44 0.608425432828928
6046.91 0.6133690933796427
6048.38 0.6245940349953377
6049.85 0.6279109469334844
6051.32 0.6293052197160821
6052.79 0.6281124767417807
6054.26 0.625468629578942
6055.73 0.6307285575754763
6057.2 0.6389661108817901
6058.67 0.634041483701859
6060.14 0.633301376676991
6061.61 0.6420540401733102
6063.08 0.6370703871517492
6064.55 0.6335435707221615
6066.02 0.6433164676768803
6067.49 0.642946548517652
6068.96 0.6423512742483465
6070.43 0.6443876657845782
6071.9 0.6403039553180649
6073.37 0.6447341179172406
6074.84 0.6519485715634364
6076.31 0.6524821329270015
6077.78 0.6555630310674322
6079.25 0.6584132447539663
6080.72 0.6596948847659274
6082.19 0.6587602790838527
6083.66 0.6533082260034091
6085.13 0.6516242877096867
6086.6 0.6513025565668421
6088.07 0.6593252343131101
6089.54 0.6598381500674252
6091.01 0.653157033862785
6092.48 0.6512549507476824
6093.95 0.6473739792683151
6095.42 0.6474993755934773
6096.89 0.6496251567957889
6098.36 0.6489332825717067
6099.83 0.644648624494121
6101.3 0.6373448707506488
6102.77 0.6340437677063531
6104.24 0.629866592193192
6105.71 0.6299147802095758
6107.18 0.6367954557088311
6108.65 0.6410954300518473
6110.12 0.636400546853374
6111.59 0.6290260785393907
6113.06 0.6262402648227078
6114.53 0.6281704725421682
6116.0 0.6297802030820356
6117.47 0.6263077101318842
6118.94 0.6295396212753317
6120.41 0.6296705708663224
6121.88 0.6244689521609885
6123.35 0.6180592742159225
6124.82 0.6186525331871452
6126.29 0.6168549768659455
6127.76 0.6146278037778599
6129.23 0.6198623838029508
6130.7 0.6166720325844143
6132.17 0.6157680594332006
6133.64 0.6165355745119967
6135.11 0.6157239915817864
6136.58 0.6173442464560871
6138.05 0.6227533065107609
6139.52 0.6257191535228552
6140.99 0.6309215335630206
6142.46 0.6379229030252446
6143.93 0.6359508218900602
6145.4 0.6419889684374315
6146.87 0.6513433103725198
6148.34 0.6470754016612236
6149.81 0.6391409939709894
6151.28 0.6465244639497433
6152.75 0.6527722910665463
6154.22 0.6551629272213612
6155.69 0.6628430490779272
6157.16 0.6618646890352513
6158.63 0.6586943564443388
6160.1 0.6644422104989596
6161.57 0.670827973573441
6163.04 0.6711067116905157
6164.51 0.6681975617311554
6165.98 0.6744954578092196
6167.45 0.6806262632840052
6168.92 0.6784733427341764
6170.39 0.6786609445934993
6171.86 0.6816756066036034
6173.33 0.6885739271571851
6174.8 0.6908308370880949
6176.27 0.6896352726964774
6177.74 0.6922432027690375
6179.21 0.6953277732304194
6180.68 0.6952602383524392
6182.15 0.6951867919334156
6183.62 0.6986753176994271
6185.09 0.7003331019024727
6186.56 0.6984721756526644
6188.03 0.69599604607473
6189.5 0.6960309331237663
6190.97 0.6943559964948145
6192.44 0.6976597866032209
6193.91 0.694511667075623
6195.38 0.6849420913052742
6196.85 0.6866820548857028
6198.32 0.6854615007978565
6199.79 0.6820744564864227
6201.26 0.6854548279219818
6202.73 0.6833775034424651
6204.2 0.6783979258014717
6205.67 0.6716046694546152
6207.14 0.6644328505589743
6208.61 0.669894621854618
6210.08 0.6720156111259322
6211.55 0.6651072140819357
6213.02 0.6572100670140354
6214.49 0.6464225346511473
6215.96 0.6420268112569893
6217.43 0.6422153983731529
6218.9 0.6362869736102986
6220.37 0.6290925385917268
6221.84 0.6252899398155859
6223.31 0.616809878973289
6224.78 0.606774366286159
6226.25 0.5999865736363272
6227.72 0.5988658887645922
6229.19 0.5941070086558844
6230.66 0.5856721352750476
6232.13 0.5856179461488169
6233.6 0.586333063477456
6235.07 0.5832732587902936
6236.54 0.5778550179332419
6238.01 0.5799549585356898
6239.48 0.5778892780006524
6240.95 0.5685329207674811
6242.42 0.57272899529822
6243.89 0.5785520423635363
6245.36 0.5682343879447914
6246.83 0.5591466923382801
6248.3 0.5594541820413383
6249.77 0.5650829991558588
6251.24 0.5770548550255018
6252.71 0.5801657139307659
6254.18 0.5705366644747688
6255.65 0.5645324197195932
6257.12 0.5616805490101908
6258.59 0.5606842304223756
6260.06 0.5645563793745796
6261.53 0.5720906832187428
6263.0 0.5724813823404266
6264.47 0.5694774685867651
6265.94 0.5693523857524158
6267.41 0.5726900776530179
6268.88 0.5671454104295617
6270.35 0.5632273126810661
6271.82 0.5681673456952315
6273.29 0.5735889901668233
6274.76 0.5788587259473614
6276.23 0.5826388429537768
6277.7 0.5852850189055113
6279.17 0.5809497096694405
6280.64 0.5795633637259691
6282.11 0.578417510020398
6283.58 0.5818369334543647
6285.05 0.5874306395978397
6286.52 0.5878501798743109
6287.99 0.5862402254124341
6289.46 0.591924485616437
6290.93 0.6011555808776515
6292.4 0.6007368915048155
6293.87 0.5999821847649466
6295.34 0.6012320726360005
6296.81 0.5952558629163791
6298.28 0.5900083849835572
6299.75 0.5954573031558718
6301.22 0.5997685183837507
6302.69 0.591260288152694
6304.16 0.5813315862639611
6305.63 0.5816398373018509
6307.1 0.5824805748776614
6308.57 0.5789138107616291
6310.04 0.5806313373567341
6311.51 0.584351129773866
6312.98 0.5854342853168562
6314.45 0.5821072521038929
6315.92 0.5821068938286781
6317.39 0.5761750654512837
6318.86 0.5761567486309297
6320.33 0.5781547151503795
6321.8 0.5783095796119548
6323.27 0.5802205748230244
6324.74 0.57593327446573
6326.21 0.5808721430854473
6327.68 0.5831379203279222
6329.15 0.5784478290604461
6330.62 0.5809735797556231
6332.09 0.5797450988286506
6333.56 0.5796304955443327
6335.03 0.5779916551432669
6336.5 0.5710373540873805
6337.97 0.5733783243405508
6339.44 0.5824776638915414
6340.91 0.5832325945534196
6342.38 0.5874833060544078
6343.85 0.5876463660615204
6345.32 0.5794277117727847
6346.79 0.5857639880832289
6348.26 0.592626705037345
6349.73 0.5954149818961295
6351.2 0.6000729179630818
6352.67 0.6087572404621876
6354.14 0.6059987452306291
6355.61 0.599307015122752
6357.08 0.6024405797197508
6358.55 0.6032481768381971
6360.02 0.6038140725398932
6361.49 0.6080040563919814
6362.96 0.6149527593976373
6364.43 0.6185643974843168
6365.9 0.6204676449938674
6367.37 0.6257432923154489
6368.84 0.6264439442822926
6370.31 0.6243222832449505
6371.78 0.6230264017932032
6373.25 0.6251199830105892
6374.72 0.6338339079993137
6376.19 0.6340360647892359
6377.66 0.6326628854599065
6379.13 0.6387875554716396
6380.6 0.6425317553877763
6382.07 0.6428847460431079
6383.54 0.6393893682636143
6385.01 0.6423199251670559
6386.48 0.6507307493241026
6387.95 0.6506410461672097
6389.42 0.6515608282122742
6390.89 0.6633113147836043
6392.36 0.6687943586701236
6393.83 0.6642803596706968
6395.3 0.6634392190352697
6396.77 0.6641941496971477
6398.24 0.663777072562778
6399.71 0.6691817885304729
6401.18 0.6710917984847018
6402.65 0.6656783943430493
6404.12 0.6635337589075615
6405.59 0.6651236947418141
6407.06 0.6657666643990832
6408.53 0.6622547611753093
6410.0 0.6660301310351292
6411.47 0.6714502080526564
6412.94 0.6679267056688051
6414.41 0.6719653630270637
6415.88 0.6790501658299224
6417.35 0.682461886346772
6418.82 0.6836592421144633
6420.29 0.6854638295867524
6421.76 0.6904981785512004
6423.23 0.6873767505271012
6424.7 0.6882049484703955
6426.17 0.6912920268582806
6427.64 0.6874543618954962
6429.11 0.6894143512421828
6430.58 0.6893107201363166
6432.05 0.6839327404565223
6433.52 0.6886024996055614
6434.99 0.6935193790839735
6436.46 0.6874338954238537
6437.93 0.681640495632558
6439.4 0.681543985246585
6440.87 0.6818231264232764
6442.34 0.6867250926958746
6443.81 0.6896910740611745
6445.28 0.6865240555159985
6446.75 0.6810565070325171
6448.22 0.6794087993198862
6449.69 0.683067326675296
6451.16 0.6836202349004575
6452.63 0.6807372838161756
6454.1 0.6834892405250649
6455.57 0.6823684660845262
6457.04 0.6822489813004073
6458.51 0.67809885556596
6459.98 0.6773908141728122
6461.45 0.6751440703011209
6462.92 0.6734739256031664
6464.39 0.6797421296228083
6465.86 0.6818345912301483
6467.33 0.6784745071286243
6468.8 0.6677610929507873
6470.27 0.6616824613041495
6471.74 0.6647016913232416
6473.21 0.6645266738808366
6474.68 0.6595963590818714
6476.15 0.6634880788176811
6477.62 0.662003386327761
6479.09 0.6525322018882627
6480.56 0.6548557062247139
6482.03 0.6579445759886728
6483.5 0.6599268231830756
6484.97 0.6564438954672945
6486.44 0.6555578360768183
6487.91 0.6647519394221102
6489.38 0.66893686263679
6490.85 0.6651773464552229
6492.32 0.6671308420636419
6493.79 0.6730049881314618
6495.26 0.6698741105985736
6496.73 0.6660475521674464
6498.2 0.666799168783588
6499.67 0.670417255824133
6501.14 0.6698980254691581
6502.61 0.6683656375912745
6504.08 0.669917775390371
6505.55 0.6700125391846722
6507.02 0.6717019411754195
6508.49 0.6694767833854168
6509.96 0.668479748247172
6511.43 0.6707501830674386
6512.9 0.6710849912556216
6514.37 0.6676401302814077
6515.84 0.6613073023699054
6517.31 0.6629770440082434
6518.78 0.6635769758553407
6520.25 0.6688410688012465
6521.72 0.6710380124180877
6523.19 0.6726734044202115
6524.66 0.6778492720944854
6526.13 0.6727217267898008
6527.6 0.6686582588729207
6529.07 0.672421492159841
6530.54 0.6729967925859244
6532.01 0.6713878681652901
6533.48 0.6656938449616854
6534.95 0.6660261004389633
6536.42 0.6667537126157167
6537.89 0.6688081970502933
6539.36 0.6705020774812249
6540.83 0.6684112281123514
6542.3 0.6621210349514042
6543.77 0.6577237888875836
6545.24 0.6560217576955165
6546.71 0.6570310189754646
6548.18 0.6572005727208445
6549.65 0.6631435076298962
6551.12 0.6647789444164219
6552.59 0.6612191218826753
6554.06 0.6591747587229155
6555.53 0.6582874005847857
6557.0 0.6657423016844801
6558.47 0.6756852897974012
6559.94 0.6819508067529325
6561.41 0.672052647826257
6562.88 0.6614190394525054
6564.35 0.6500305452012775
6565.82 0.6468260868961602
6567.29 0.6480080368296173
6568.76 0.6511972236537059
6570.23 0.6694391197034664
6571.7 0.7124767955219897
6573.17 0.7524511286856052
6574.64 0.7607418410769072
6576.11 0.7484803196961397
6577.58 0.711510392914606
6579.05 0.6643776313915011
6580.52 0.6446148570551309
6581.99 0.6396270838686002
6583.46 0.6315244659650414
6584.93 0.6328209743984144
6586.4 0.647986898591947
6587.87 0.6469239408141886
6589.34 0.636596165120627
6590.81 0.6413396393951006
6592.28 0.6584033921855608
6593.75 0.6665418823949965
6595.22 0.6735390869078489
6596.69 0.6789209180462017
6598.16 0.6660706609187976
6599.63 0.6500646261310805
6601.1 0.6370767017524092
6602.57 0.6304423404632937
6604.04 0.6273955680370679
6605.51 0.627394090151807
6606.98 0.6287993351128565
6608.45 0.6297351051893791
6609.92 0.6282117189762662
6611.39 0.6215994363972597
6612.86 0.6187417437156176
6614.33 0.6195130206841687
6615.8 0.624962565838109
6617.27 0.6264477509564493
6618.74 0.6253061069846514
6620.21 0.628112969370201
6621.68 0.6234144586351784
6623.15 0.615478662628487
6624.62 0.6190993919487409
6626.09 0.6242093817679027
6627.56 0.6222896983828755
6629.03 0.6223160316111596
6630.5 0.6266691650391643
6631.97 0.619009106594624
6633.44 0.609148924840712
6634.91 0.6121930102028272
6636.38 0.6111913622711925
6637.85 0.6048369930624036
6639.32 0.6012918598124617
6640.79 0.608805786753786
6642.26 0.611070981799037
6643.73 0.6072438859550876
6645.2 0.5992571700835
6646.67 0.5956790307293995
6648.14 0.5935416055826086
6649.61 0.5944569539718906
6651.08 0.5992208947180068
6652.55 0.5965070047506845
6654.02 0.5938748015323252
6655.49 0.5926443053072696
6656.96 0.5930216138928022
6658.43 0.5960991979874964
6659.9 0.5919427576523891
6661.37 0.5865885584899739
6662.84 0.5918035677314591
6664.31 0.5933559294525649
6665.78 0.5897717889886173
6667.25 0.5779530509888777
6668.72 0.5822308570529813
6670.19 0.5880402448757351
6671.66 0.5877030631142545
6673.13 0.5857291010341927
6674.6 0.5860736274375759
6676.07 0.5713827313943987
6677.54 0.5597217688423541
6679.01 0.5678667975744589
6680.48 0.5718709709432979
6681.95 0.562863618553694
6683.42 0.5594753202790086
6684.89 0.5608304067099932
6686.36 0.561392361384327
6687.83 0.567505029176366
6689.3 0.5726295739261271
6690.77 0.5668634030511523
6692.24 0.5579728931659586
6693.71 0.559989893056192
6695.18 0.5642734763081333
6696.65 0.5596311699974245
6698.12 0.5654199122109285
6699.59 0.5666536776973187
6701.06 0.5592760296908045
6702.53 0.5526124241872852
6704.0 0.5486187751528794
6705.47 0.5575258104823535
6706.94 0.5531989654982312
6708.41 0.5508314380947676
6709.88 0.5548558987976419
6711.35 0.5547855425023455
6712.82 0.5504761634349421
6714.29 0.5512438128669438
6715.76 0.5531355060008187
6717.23 0.5509287993843757
6718.7 0.5486029662590286
6720.17 0.5417615218957883
6721.64 0.5479342007862977
6723.11 0.5511696498974907
6724.58 0.5484785999751088
6726.05 0.5579298105713849
6727.52 0.5738813427420585
6728.99 0.5797292899347998
6730.46 0.5735007648951913
6731.93 0.5628916088048462
6733.4 0.5523321186161458
6734.87 0.5564728844106079
6736.34 0.5542145413788392
6737.81 0.5538229017847166
6739.28 0.5599101320365084
6740.75 0.5718303962752276
6742.22 0.5780366186827179
6743.69 0.5788972405329469
6745.16 0.5739129157453582
6746.63 0.5669776480602554
6748.1 0.5618064827481751
6749.57 0.5593892446586652
6751.04 0.5499547386442768
6752.51 0.5497995606918885
6753.98 0.5486817868062733
6755.45 0.5496958848016206
6756.92 0.5554633992086507
6758.39 0.5542504584691178
6759.86 0.5471509215980526
6761.33 0.541835505727634
6762.8 0.550532054368443
6764.27 0.5541434685331134
6765.74 0.5443714672664314
6767.21 0.5426235768468762
6768.68 0.5436730097352781
6770.15 0.5453443188276805
6771.62 0.5435082031364935
6773.09 0.5422947249841386
6774.56 0.5456396719578392
6776.03 0.5451576126563944
6777.5 0.5520807885529995
6778.97 0.5547234265369884
6780.44 0.5520520817514176
6781.91 0.5501057516472935
6783.38 0.5449523209583432
6784.85 0.5451215612129102
6786.32 0.5458613099625634
6787.79 0.5462003278845197
6789.26 0.5404387698029348
6790.73 0.5412906586948043
6792.2 0.5443713776976277
6793.67 0.5438739573463505
6795.14 0.5467631334624886
6796.61 0.544847838948842
6798.08 0.5404980643509758
6799.55 0.5347607346307882
6801.02 0.5290159259154928
6802.49 0.5287108993545359
6803.96 0.5301686764189478
6805.43 0.5295370372153453
6806.9 0.5308109743101892
6808.37 0.5288052153048185
6809.84 0.5272589442623635
6811.31 0.5303856120614784
6812.78 0.5254524310607952
6814.25 0.5237730607760608
6815.72 0.5233889897458499
6817.19 0.5242525673666006
6818.66 0.5258276795638429
6820.13 0.5298031013466983
6821.6 0.5324762822927446
6823.07 0.5292969480370616
6824.54 0.5289022631036137
6826.01 0.5298072662960698
6827.48 0.5268522571092216
6828.95 0.5287602517653676
6830.42 0.5313328917292749
6831.89 0.5228122114345057
6833.36 0.526310231493708
6834.83 0.5303918370933347
6836.3 0.5233876014293928
6837.77 0.5218217148189302
6839.24 0.5153352316247024
6840.71 0.5080640809257724
6842.18 0.5074122887413403
6843.65 0.5107910479384329
6845.12 0.5136848816323628
6846.59 0.5148386621770602
6848.06 0.5169719223744798
6849.53 0.5107137948452526
6851.0 0.5051643356907991
6852.47 0.5055839207516721
6853.94 0.5016696296773333
6855.41 0.4956303187355143
6856.88 0.49453086167025306
6858.35 0.4917578562924973
6859.82 0.49023308176292724
6861.29 0.495286105822944
6862.76 0.49940282239361616
6864.23 0.499444964515751
6865.7 0.4947767728207765
6867.17 0.4938091162501411
6868.64 0.4969791353502407
6870.11 0.4942922055928284
6871.58 0.4919064957222163
6873.05 0.49197094047646933
6874.52 0.4905671286162789
6875.99 0.4867956102150175
6877.46 0.48357708960772133
6878.93 0.4872539785678871
6880.4 0.49354533612328216
6881.87 0.49327416657011897
6883.34 0.48952786178709556
6884.81 0.4918898359247305
6886.28 0.4957541923910137
6887.75 0.49525363713160747
6889.22 0.4924232181506882
6890.69 0.48666036132144974
6892.16 0.48459575561205653
6893.63 0.4857841544993791
6895.1 0.48138193736695395
6896.57 0.47491471146551895
6898.04 0.4883432247895279
6899.51 0.48974184165910445
6900.98 0.4864054485061558
6902.45 0.4801948372272848
6903.92 0.4839022243651061
6905.39 0.4878237705125436
6906.86 0.47944908736778474
6908.33 0.4826000283126988
6909.8 0.48961066814610443
6911.27 0.4945997848646905
6912.74 0.49336579545629106
6914.21 0.48587596252315857
6915.68 0.4908355663209296
6917.15 0.4969694171350406
6918.62 0.4916238165777793
6920.09 0.48361403673924236
6921.56 0.4831522199874308
6923.03 0.48203578963387095
6924.5 0.4886309197869713
6925.97 0.4792679344623272
6927.44 0.4793068968919312
6928.91 0.4930759955919609
6930.38 0.48339266744092924
6931.85 0.47584886930357523
6933.32 0.47767222144023685
6934.79 0.4818671315765279
6936.26 0.48391955592861957
6937.73 0.48121426456645144
6939.2 0.48179785010687576
6940.67 0.48299981866795694
6942.14 0.4869628351715017
6943.61 0.4846012193090815
6945.08 0.48103015589047227
6946.55 0.4839358574508906
6948.02 0.48537504898853756
6949.49 0.48955450850619253
6950.96 0.48902829178452994
6952.43 0.4811469983948823
6953.9 0.4775838170309975
6955.37 0.4820920388425865
6956.84 0.4900841736267972
6958.31 0.48388256401269675
6959.78 0.47594990291413447
6961.25 0.4709928070428667
6962.72 0.47078442522108827
6964.19 0.47314819073479697
6965.66 0.4681061836376337
6967.13 0.4745215492017338
6968.6 0.47266331001603595
6970.07 0.4710641485950036
6971.54 0.47172848041195203
6973.01 0.4757413419547487
6974.48 0.469354504054623
6975.95 0.47294164507349407
6977.42 0.47640634553772476
6978.89 0.4744788248823749
6980.36 0.47792386499419615
6981.83 0.4832567915657357
6983.3 0.48786121027248486
6984.77 0.4899529105449935
6986.24 0.49198504756305
6987.71 0.4945773926637686
6989.18 0.48983172395360464
6990.65 0.48379111426413207
6992.12 0.4900333433307047
6993.59 0.49294813612469734
6995.06 0.4913221488469606
6996.53 0.488467770211055
6998.0 0.49516527750677
6999.47 0.49094322802296164
7000.94 0.4875783519904405
7002.41 0.4866120389518605
7003.88 0.4882754212051366
7005.35 0.4899388482428146
7006.82 0.4916022752804925
7008.29 0.49326565753376866
7009.76 0.4949290845714467
7011.23 0.4965925116091246
7012.7 0.49825589386240077
7014.17 0.49991932090007873
7015.64 0.5015827479377566
7017.11 0.5032461749754347
7018.58 0.5049095572287108
7020.05 0.5065729842663887
7021.52 0.5065729842663887
7022.99 0.5081584864448588
7024.46 0.5049079449902444
7025.93 0.4989441853343355
7027.4 0.49660796222776066
7028.87 0.5008017527540056
7030.34 0.5045326964871966
7031.81 0.5003272620164723
7033.28 0.5013236701730913
7034.75 0.4952832844056279
7036.22 0.49420187545430977
7037.69 0.4998732377505816
7039.16 0.4978988278265015
7040.63 0.4985974197108603
7042.1 0.49965939223177824
7043.57 0.5023433214342671
7045.04 0.504606769887846
7046.51 0.49975446951689234
7047.98 0.5021077106961677
7049.45 0.501603572684614
7050.92 0.5026767413059928
7052.39 0.5061445766783526
7053.86 0.5039701596156387
7055.33 0.5045246800792667
7056.8 0.49823524825315085
7058.27 0.497951673420677
7059.74 0.49034190785940723
7061.21 0.4838702483021897
7062.68 0.4973528163992239
7064.15 0.5004098892378739
7065.62 0.4918977627638568
7067.09 0.4853204120182883
7068.56 0.4864616081460677
7070.03 0.4812851582745699
7071.5 0.48461496812044746
7072.97 0.48983485886173367
7074.44 0.4890157073676118
7075.91 0.48879989133512736
7077.38 0.49277464135195514
7078.85 0.496397072479479
7080.32 0.49525636898011993
7081.79 0.4962580616961564
7083.26 0.49394297682725175
7084.73 0.4977877625099293
7086.2 0.49388516016447165
7087.67 0.49149264306477936
7089.14 0.4939021334527704
7090.61 0.49058217617529837
7092.08 0.4797400964109646
7093.55 0.4743455465024883
7095.02 0.48779479500455075
7096.49 0.48547420165421934
7097.96 0.47874091162143134
7099.43 0.4784710408159217
7100.9 0.4754668135714472
7102.37 0.47791705776511595
7103.84 0.48098702851149683
7105.31 0.4820241456893916
7106.78 0.48798589004721754
7108.25 0.4890524305771236
7109.72 0.48041544519076657
7111.19 0.4870697803231043
7112.66 0.50004153753271
7114.13 0.49566569841297065
7115.6 0.49118304849483435
7117.07 0.4887322221039416
7118.54 0.4862464638796109
7120.01 0.48561531730442864
7121.48 0.4836300247707005
7122.95 0.488803160596462
7124.42 0.4868478288275672
7125.89 0.48053936363066785
7127.36 0.4809773998651004
7128.83 0.48402918814433277
7130.3 0.480744117915897
7131.77 0.478002103344217
7133.24 0.4796661573635208
7134.71 0.48019367283283687
7136.18 0.4862654972503944
7137.65 0.4915479518010562
7139.12 0.49175955809976735
7140.59 0.4862486583153013
7142.06 0.48770433051282663
7143.53 0.48923747972554155
7145.0 0.48933658760682147
7146.47 0.4926534995449681
7147.94 0.49822351473986776
7149.41 0.5001086245666717
7150.88 0.49122765375907057
7152.35 0.49019044701237213
7153.82 0.4922203895947383
7155.29 0.48799207029467195
7156.76 0.49078034715345636
7158.23 0.4929857998066478
7159.7 0.4856631022611958
7161.17 0.48191079636832534
7162.64 0.48046793250972725
7164.11 0.4841912628946049
7165.58 0.4960847908454234
7167.05 0.49512837515965075
7168.52 0.4872141204502463
7169.99 0.4923874801980169
7171.46 0.5082324254923026
7172.93 0.5119349759147248
7174.4 0.5118789954124202
7175.87 0.5182384700430195
7177.34 0.5090340662853036
7178.81 0.5104938138633968
7180.28 0.5115619218473674
7181.75 0.5194725938046244
7183.22 0.5213000661062556
7184.69 0.515058105746094
7186.16 0.5219036254899021
7187.63 0.5269343917022028
7189.1 0.5142913967865311
7190.57 0.5018137458824662
7192.04 0.520546120701218
7193.51 0.5258584464479096
7194.98 0.5154647928992361
7196.45 0.5155435238776771
7197.92 0.5174732837531192
7199.39 0.5184798131845548
7200.86 0.525381447783873
7202.33 0.5245018821316642
7203.8 0.5169392745455358
7205.27 0.5162264412213907
7206.74 0.5199702828623126
7208.21 0.5175980978810574
7209.68 0.5186406339715752
7211.15 0.5198523655322583
7212.62 0.5153651028207321
7214.09 0.5141077359545704
7215.56 0.5177140446974305
7217.03 0.5243609008346604
7218.5 0.5298608732250767
7219.97 0.5225571194816044
7221.44 0.5233231118907379
7222.91 0.5261075372909638
7224.38 0.5312907048227382
7225.85 0.5280265489099634
7227.32 0.5249553242003309
7228.79 0.5310558554194702
7230.26 0.5336173888517203
7231.73 0.5281777858349893
7233.2 0.5362609225237461
7234.67 0.5347285346458626
7236.14 0.534263627770324
7237.61 0.5311091040732623
7239.08 0.5387184665749154
7240.55 0.5498337759748971
7242.02 0.5368569133434812
7243.49 0.5290594115696831
7244.96 0.5454361716358618
7246.43 0.5538550122008385
7247.9 0.5461837576558375
7249.37 0.5379967659392052
7250.84 0.5517532354379151
7252.31 0.5614859159997784
7253.78 0.5569203701538294
7255.25 0.5451346830426504
7256.72 0.5470247191536572
7258.19 0.5520290177844682
7259.66 0.5517030321234484
7261.13 0.546648440609367
7262.6 0.5496593407297161
7264.07 0.543229957647839
7265.54 0.5380005278289601
7267.01 0.5267327275407008
7268.48 0.5181557084684124
7269.95 0.5345681617028606
7271.42 0.5366078225004269
7272.89 0.5288547916376595
7274.36 0.5400478467592417
7275.83 0.5519440617741709
7277.3 0.5459954840304869
7278.77 0.5399566209326863
7280.24 0.5384865281577672
7281.71 0.5291662223680801
7283.18 0.5295479646093951
7284.65 0.5393900534649625
7286.12 0.5507199697185788
7287.59 0.5442724041695532
7289.06 0.5423306420744171
7290.53 0.5418526133691381
7292.0 0.5314753956959413
7293.47 0.5369144165154484
7294.94 0.5472908280694121
7296.41 0.5278299453858698
7297.88 0.5315117158458366
7299.35 0.5278397083854717
7300.82 0.5240993599278936
7302.29 0.5224338280233289
7303.76 0.5230073370733385
7305.23 0.5195751053004445
7306.7 0.5160449300407184
7308.17 0.507217028749302
7309.64 0.5074256344930896
7311.11 0.511727579349787
7312.58 0.5035456482705629
7314.05 0.5037754818208245
7315.52 0.5090629970088946
7316.99 0.5188406858946107
7318.46 0.5185196265177937
7319.93 0.5101092054203636
7321.4 0.49405036982287276
7322.87 0.49040850226494875
7324.34 0.49622796657811746
7325.81 0.5099830029759683
7327.28 0.5045877365170625
7328.75 0.5082841066920302
7330.22 0.5143608126093887
7331.69 0.5140304380769882
7333.16 0.5160013548177246
7334.63 0.5181721891282909
7336.1 0.5156126709941238
7337.57 0.5085340484387194
7339.04 0.5168049213400049
7340.51 0.5100724822108519
7341.98 0.509809508203226
7343.45 0.5089861469753308
7344.92 0.5101195506171895
7346.39 0.510123715566561
7347.86 0.5107730446088918
7349.33 0.5146932920086759
7350.8 0.5025271166194334
7352.27 0.5012832298582265
7353.74 0.5017604972286741
7355.21 0.5017465692797007
7356.68 0.5030039361458625
7358.15 0.5022096847791656
7359.62 0.4994664610286359
7361.09 0.5065013740078408
7362.56 0.5121667351942656
7364.03 0.5140350508703782
7365.5 0.513760701624684
7366.97 0.5105164747707296
7368.44 0.5134953540437606
7369.91 0.5224906146448666
7371.38 0.5140755807540466
7372.85 0.5142462988938746
7374.32 0.5229523418278744
7375.79 0.5322497627882196
7377.26 0.5020446990427737
7378.73 0.5014668459057854
7380.2 0.5145422342212573
7381.67 0.5143468398760135
7383.14 0.5104619273692841
7384.61 0.5169490375451377
7386.08 0.5028980210355023
7387.55 0.49775489075897605
7389.02 0.5061815238098736
7390.49 0.5037696598485848
7391.96 0.5113562270896995
7393.43 0.5166299486820017
7394.9 0.5281554384184693
7396.37 0.526179640177932
7397.84 0.5144954345213306
7399.31 0.516189404521066
7400.78 0.5188020369558197
7402.25 0.5237688062578857
7403.72 0.5259974124468303
7405.19 0.5173079397415125
7406.66 0.5119201522777145
7408.13 0.5207196154739603
7409.6 0.5279944832782433
7411.07 0.523474304031362
7412.54 0.5109744848483845
