1000.0 0.0
1147.5 1.0031497426623045e-08
1150.0 1.8842187259717695e-05
1152.5 -8.141743872493753e-05
1155.0 -0.000549846721790931
1157.5 0.0005374413045615914
1160.0 -0.0009641526347730131
1162.5 -0.00031131064392457596
1165.0 -2.0813103978904004e-05
1167.5 -0.0007980759477213554
1170.0 0.0005719850820964787
1172.5 0.0003397216851452876
1175.0 0.00024365017263572452
1177.5 5.500181619422812e-06
1180.0 -0.0004350142297601087
1182.5 -6.968120721842803e-05
1185.0 0.00017412710948579008
1187.5 0.0004095590676886307
1190.0 0.00040330357944719605
1192.5 0.00035949860049189165
1195.0 0.0006383437767066709
1197.5 0.000677434972663522
1200.0 0.0004966838782124196
1202.5 0.0008442989686333236
1205.0 0.0010277485658152137
1207.5 0.006394910101858788
1210.0 0.01481500634098219
1212.5 0.02003649478844899
1215.0 0.019111540713911728
1217.5 0.016103774093460407
1220.0 0.009655626370808409
1222.5 0.001518974964405418
1225.0 0.00034608862414477664
1227.5 0.0001288538391744411
1230.0 6.057923166637228e-05
1232.5 3.7433503280430244e-06
1235.0 4.731465899757306e-06
1237.5 -7.023376450070022e-05
1240.0 -0.00015368362378252962
1242.5 0.00016543849055480176
1245.0 0.00025399184226646985
1247.5 0.0002530620341489616
1250.0 7.565058443380682e-05
1252.5 1.984523262503796e-05
1255.0 0.00016793956469881425
1257.5 -6.4774565371589165e-06
1260.0 -1.1485473011729378e-05
1262.5 0.00034307900337461947
1265.0 0.00014856731954926173
1267.5 1.2374395401663665e-05
1270.0 6.4910182773106115e-06
1272.5 9.978816767091914e-05
1275.0 0.0002826968393254327
1277.5 0.00021640237596695452
1280.0 0.0002536950611248285
1282.5 0.00035892123877041707
1285.0 9.318308841024746e-05
1287.5 0.0002045366295208585
1290.0 0.00024811310141902726
1292.5 0.000171081916444452
1295.0 0.0002181272023514047
1297.5 0.00033330644483959025
1300.0 0.00018997771571225983
1302.5 0.00011997629049892945
1305.0 -2.1135775356096368e-05
1307.5 0.00021154619862685502
1310.0 0.00020969384108309998
1312.5 0.00012745272488890697
1315.0 0.0002496216538806548
1317.5 9.176610410424003e-05
1320.0 0.00012963594805462904
1322.5 -4.5960534808853765e-05
1325.0 0.00016527705531125403
1327.5 0.0003212133786149295
1330.0 0.00010915790450320538
1332.5 0.00014482001395349286
1335.0 6.843391627790031e-05
1337.5 0.0001290654843653186
1340.0 0.0001951980165351786
1342.5 0.00016120820165986538
1345.0 6.215339445387409e-05
1347.5 0.00011322664540149778
1350.0 0.00018611393984963148
1352.5 0.00042146569139029386
1355.0 0.0002497950667676286
1357.5 0.0001317300677533799
1360.0 0.00016268838048347272
1362.5 0.00016231101693949646
1365.0 5.9517519104144774e-05
1367.5 0.00016319769353792188
1370.0 0.0002865124941892235
1372.5 0.00010945724800553258
1375.0 0.00021958150225469112
1377.5 9.403906941979436e-05
1380.0 0.000203362218908261
1382.5 0.00018727619251143225
1385.0 5.811567218962145e-05
1387.5 0.00018153506686230218
1390.0 0.00029571156829876605
1392.5 7.960053324744961e-05
1395.0 5.085002261608879e-05
1397.5 0.0001296292754399453
1400.0 0.0004021729916428257
1402.5 0.00011194005512776545
1405.0 7.815647524637687e-05
1407.5 0.00020833337863565262
1410.0 1.5025010774707169e-05
1412.5 0.00011776470123571681
1415.0 1.6906040659039737e-05
1417.5 5.857669138967998e-05
1420.0 9.755040638256264e-05
1422.5 9.593987859243386e-05
1425.0 0.00018806997843404973
1427.5 0.00012425470788887693
1430.0 9.629738206685265e-05
1432.5 0.00019269108131489648
1435.0 0.00015669655076444418
1437.5 1.1172346561159908e-05
1440.0 9.469690833103726e-05
1442.5 0.00019693495584902792
1445.0 0.000268120267104509
1447.5 0.00022726808645980517
1450.0 0.00024018998494849958
1452.5 0.0002689418105151625
1455.0 0.00016426879880565676
1457.5 0.00026525792481011783
1460.0 1.0028340282265552e-05
1462.5 0.00017998013672793523
1465.0 0.00033227747924515345
1467.5 0.0002489474039824706
1470.0 0.00017905927048097363
1472.5 0.00010189551984594128
1475.0 -0.00011466359498962927
1477.5 4.9327572647831224e-05
1480.0 4.1611566524701146e-05
1482.5 0.0001751379809140004
1485.0 5.668786363073139e-05
1487.5 -0.00012930446628267784
1490.0 0.00010490083497367058
1492.5 0.00016850618112118718
1495.0 -3.433161743228941e-05
1497.5 8.9052280126113e-05
1500.0 0.00019091219767182298
1502.5 8.495871230009741e-05
1505.0 0.00012602249302556896
1507.5 -8.96014785903445e-05
1510.0 -7.314579826447383e-05
1512.5 6.171525974110193e-05
1515.0 0.00010496819235155171
1517.5 7.57542880517029e-05
1520.0 0.00018166906021115762
1522.5 8.485787159952764e-05
1525.0 6.200602952815343e-05
1527.5 -3.214836421090328e-05
1530.0 0.00018111877972527797
1532.5 0.00011170257612667676
1535.0 0.0001409539537982984
1537.5 -2.9271230213956268e-05
1540.0 0.0002448036036318924
1542.5 0.00022515724018076932
1545.0 0.00019055095963920685
1547.5 9.595846874808682e-05
1550.0 9.7470575416185e-05
1552.5 0.0001490694039414998
1555.0 6.749997528480519e-05
1557.5 9.700643780791331e-05
1560.0 0.00023655297286126475
1562.5 0.0002967540895920596
1565.0 0.00018966522986516864
1567.5 0.00030732318421393634
1570.0 0.00012007132272951291
1572.5 7.397912393012349e-05
1575.0 0.0002040199074968276
1577.5 0.00020811754051108745
1580.0 0.00023545642447146646
1582.5 0.00015923650348010702
1585.0 0.00017642965825081223
1587.5 0.00018191817127763432
1590.0 0.00016990848264093606
1592.5 3.671528585794814e-05
1595.0 0.00012517157654622473
1597.5 9.631025392838264e-05
1600.0 0.00014150642844523687
1602.5 0.000117072357082594
1605.0 0.00014541351617867478
1607.5 0.00012595900549185822
1610.0 0.00012705892024022686
1612.5 0.0001337063195259233
1615.0 0.00020182529276425716
1617.5 9.439232739859821e-05
1620.0 0.00012123830933582544
1622.5 4.779346058513524e-05
1625.0 5.509225158487119e-05
1627.5 4.022850886242708e-05
1630.0 2.9891250082240566e-05
1632.5 7.338553157343428e-05
1635.0 0.00017593050446324307
1637.5 0.00010869158023004848
1640.0 9.34430199149859e-05
1642.5 -1.2936934393520685e-05
1645.0 -1.6297312764949593e-05
1647.5 -5.4214482170556045e-06
1650.0 4.815318829401933e-05
1652.5 7.926058292843321e-05
1655.0 0.00012979096617437986
1657.5 0.00012746823420592686
1660.0 0.0001917856793192011
1662.5 0.00014967826520538135
1665.0 0.00012648500006083878
1667.5 9.81426687672465e-05
1670.0 4.147214790670479e-05
1672.5 0.00011958825679501168
1675.0 0.00016554280278215238
1677.5 0.00026618511800501304
1680.0 0.00020645610398831103
1682.5 0.0001424934046446959
1685.0 0.0002237724617430164
1687.5 0.00015749771567194904
1690.0 0.00019342696275630923
1692.5 0.00012524112808516468
1695.0 0.00018515162526287218
1697.5 0.00013734692338920884
1700.0 0.00018598077307589345
1702.5 0.00018237076704073738
1705.0 8.56348332254671e-05
1707.5 0.00010917402247403587
1710.0 0.00013873663115990348
1712.5 0.0001235873409861536
1715.0 0.00010517179734180398
1717.5 0.0001426626396790413
1720.0 0.00023509395405016983
1722.5 0.00017262438802702568
1725.0 0.0001380217894817333
1727.5 0.00018602234166496093
1730.0 0.00013623184494621445
1732.5 0.00013071587503235286
1735.0 0.00015696231331640184
1737.5 0.000145406107164737
1740.0 0.00021675181670787128
1742.5 0.00020450158326815448
1745.0 0.00019989898041145339
1747.5 0.00022781098800515355
1750.0 0.0001073818236750013
1752.5 7.972137671101138e-05
1755.0 3.750108794761733e-05
1757.5 9.51980834684682e-05
1760.0 9.588577631241295e-05
1762.5 9.688339264276307e-05
1765.0 0.00019255731333916537
1767.5 0.00023602879671318642
1770.0 0.00025289981739605016
1772.5 0.00019422358906337622
1775.0 0.00017930506025463366
1777.5 0.0001274448199298988
1780.0 0.00010863017414865639
1782.5 0.00011412154250791907
1785.0 0.0001720286465750313
1787.5 0.00014109245567418523
1790.0 0.00010468123975803127
1792.5 0.00013962792145357083
1795.0 0.00017694797332262099
1797.5 0.00015502430879575318
1800.0 0.00016450748012201947
1802.5 0.00018246454439411957
1805.0 0.000143860539706827
1807.5 0.00014279234991834564
1810.0 0.00010879539655668474
1812.5 0.00011648994582326391
1815.0 9.642221562385466e-05
1817.5 0.00012102197526618985
1820.0 0.0001905930993125049
1822.5 0.0001563341856000702
1825.0 0.00016047875237895284
1827.5 0.00015578731653851453
1830.0 0.0002025388871057557
1832.5 0.00013536191000913336
1835.0 9.201710119024937e-05
1837.5 0.00013294167371398654
1840.0 0.00016178738180224218
1842.5 0.00017892771174736062
1845.0 0.00018304835326844152
1847.5 0.00021882363422564863
1850.0 0.00022558959268234073
1852.5 0.0001444730679302754
1855.0 0.00010231709701936063
1857.5 0.00011199564524299761
1860.0 0.00017953334189428887
1862.5 0.00020670294571021274
1865.0 0.00016408548218704586
1867.5 0.00015937315686168521
1870.0 0.00015516118763916778
1872.5 0.00017834381265281927
1875.0 0.00020792075845819526
1877.5 0.00020254324531011084
1880.0 0.00014239866551893539
1882.5 0.0001541776679297864
1885.0 0.00014667142471721674
1887.5 0.0001547209301785882
1890.0 0.0001905630274584963
1892.5 0.0001323508615505778
1895.0 0.00011657956027200881
1897.5 0.00014541838536480354
1900.0 0.0002253295259359853
1902.5 0.0002196173750825125
1905.0 0.00018377484195999081
1907.5 0.00013843472529689044
1910.0 0.0001238513226424331
1912.5 0.00011754757066437031
1915.0 0.00013381088724416079
1917.5 0.00013590194114098178
1920.0 0.0001233110660931043
1922.5 0.00014114104254468667
1925.0 0.00015919594177352754
1927.5 0.00012545541073153205
1930.0 0.00011986158613540095
1932.5 0.0001331032292068041
1935.0 0.00017260950989669323
1937.5 0.0001234547227194132
1940.0 0.00011892072457726487
1942.5 0.00011109728410596907
1945.0 0.00011650027785698488
1947.5 0.00012906153193017051
1950.0 0.00016365488800391972
1952.5 0.00014377236798318366
1955.0 0.00015489007499271416
1957.5 0.00015289323424753283
1960.0 0.00015873117297856846
1962.5 0.00010441190800725578
1965.0 9.904577892984612e-05
1967.5 0.00010942945294791649
1970.0 0.00014561252246603226
1972.5 0.00019802637956181066
1975.0 9.354331956037555e-05
1977.5 0.0002934478078851748
1980.0 0.00032612971469974945
1982.5 0.00023425968156013296
1985.0 0.0003167752767593499
1987.5 0.0006127701608985442
1990.0 0.00018273314728617065
1992.5 5.2874433001405844e-05
1995.0 0.0003563665281736916
1997.5 -4.402398055383633e-06
2000.0 0.00017142929831028298
2002.5 0.0001248451368159554
2005.0 4.8430203356587465e-05
2007.5 2.7279713291178497e-05
2010.0 8.14203617890768e-05
2012.5 0.0003840937163212224
2015.0 0.00033369165324011787
2017.5 0.0002926725820448038
2020.0 0.00016581991174649267
2022.5 0.00021378529742774652
2025.0 0.00020023315228953387
2027.5 0.0003636224881666291
2030.0 0.0002219384839741372
2032.5 0.00030554421043935554
2035.0 0.0002873834810745463
2037.5 0.00016950797534852178
2040.0 0.00010956452836277612
2042.5 0.00017698703220164202
2045.0 0.00041833154516030484
2047.5 0.0008265442770515073
2050.0 0.00040557202873954534
2052.5 0.0003471373070266243
2055.0 0.0003651877879042971
2057.5 0.00029748894906992497
2060.0 0.0002236022799729959
2062.5 0.0002841632220403557
2065.0 0.000271529162822756
2067.5 0.0002893799160505205
2070.0 0.00016595417562293818
2072.5 0.0002530471560186292
2075.0 0.0002486676499777547
2077.5 0.00034258580079482716
2080.0 8.329889131361965e-05
2082.5 0.00021902531558243215
2085.0 0.00036414208064851594
2087.5 0.00015319933304423357
2090.0 0.0002001699728086372
2092.5 0.00044759502844257627
2095.0 0.0003862509854274634
2097.5 0.00010624760652500021
2100.0 0.00019688842789796827
2102.5 0.0002341038068362144
2105.0 0.0001719418424373294
2107.5 0.000181916878830853
2110.0 0.00032499861595796156
2112.5 0.00018501893935314525
2115.0 0.00011312046214696168
2117.5 0.00021448991978093588
2120.0 0.0006089212031081474
2122.5 0.00013896178689517196
2125.0 0.00012710840882500585
2127.5 0.00022134290779281024
2130.0 3.908355015697555e-05
2132.5 0.00013227320975291182
2135.0 0.00015619345948971806
2137.5 6.887371536298959e-05
2140.0 0.00023236862588516636
2142.5 0.00010908212368836878
2145.0 0.00015643352342872548
2147.5 0.000374795063884485
2150.0 1.3324765226141745e-05
2152.5 6.444738831058861e-05
2155.0 4.051514960625501e-05
2157.5 0.00012677586002375363
2160.0 0.0002452593403804415
2162.5 0.00017701959877334996
2165.0 0.0002826294819475516
2167.5 0.0001287866020458298
2170.0 6.941421236650197e-05
2172.5 -0.00013580914068539327
2175.0 0.0002435373844094912
2177.5 0.0001291122227415114
2180.0 1.9921462389702856e-05
2182.5 9.395821657858152e-05
2185.0 0.00023259654682136817
2187.5 2.7973383672655452e-05
2190.0 -4.0995619358577144e-05
2192.5 -2.676867198281932e-05
2195.0 0.00011337292449094941
2197.5 0.00020755860367459842
2200.0 2.6485142119981695e-05
2202.5 -3.185696697194433e-05
2205.0 -2.969688193474789e-05
2207.5 -2.713258133233906e-05
2210.0 5.167734823794305e-05
2212.5 2.5257884051337305e-05
2215.0 -1.4150684734383672e-05
2217.5 -6.904023771397287e-05
2220.0 4.279473873595948e-05
2222.5 1.0227059155682176e-05
2225.0 5.960147536122357e-05
2227.5 -7.519394974124504e-06
2230.0 3.1635076157380015e-05
2232.5 -2.3813185455657515e-05
2235.0 -0.00012851711247620443
2237.5 -3.352941558219686e-05
2240.0 -6.4544423971186904e-06
2242.5 2.914065581664765e-05
2245.0 0.00017898273077836225
2247.5 5.905469647553125e-05
2250.0 1.9338344795654007e-05
2252.5 1.7206597716465744e-08
2255.0 9.17297729009283e-05
2257.5 9.920916033973944e-05
2260.0 0.00014931233829400712
2262.5 0.00016044444252550288
2265.0 8.760185760752664e-05
2267.5 2.8882437560165224e-05
2270.0 2.235336076154566e-05
2272.5 -1.8139464135294658e-05
2275.0 2.8427980124569054e-05
2277.5 1.1952856769221999e-05
2280.0 -9.936082713762315e-06
2282.5 0.0001604216594361622
2285.0 3.27107162907728e-05
2287.5 0.00012830174026765928
2290.0 4.575109504547353e-05
2292.5 9.016839556935796e-05
2295.0 5.663207063089568e-05
2297.5 0.0001372347212395532
2300.0 6.575792633064347e-05
2302.5 0.00011114905698331415
2305.0 0.0001558190415427579
2307.5 0.0001444042077248358
2310.0 0.0001281202270332473
2312.5 2.11033665766247e-05
2315.0 3.9746810540480933e-05
2317.5 9.314557746889459e-05
2320.0 0.00010115525012676696
2322.5 0.0001417546828631897
2325.0 8.315564041216174e-05
2327.5 0.00012970557468837307
2330.0 7.266451322565076e-05
2332.5 7.171616751441677e-05
2335.0 0.0001334642868876935
2337.5 0.0002891247034979467
2340.0 0.00023894854754371187
2342.5 0.00026093686430562834
2345.0 0.00014765453861303502
2347.5 0.00013651852701214486
2350.0 0.00023103534984152452
2352.5 0.00017554283141842263
2355.0 0.00024483932618139353
2357.5 0.00017768319354829587
2360.0 0.00019193452076933856
2362.5 0.00020550549651738778
2365.0 0.00026557688792781895
2367.5 0.0003227963818306762
2370.0 0.00031936443249549844
2372.5 0.00022860542019551776
2375.0 0.00024825492458773076
2377.5 0.00021204455595706935
2380.0 0.00014857823020774286
2382.5 0.00014590453963411143
2385.0 3.518311624456018e-05
2387.5 0.00010786004291189451
2390.0 0.00018430236942993628
2392.5 0.00018777482036923666
2395.0 0.0001514191118886251
2397.5 0.00021022691403597136
2400.0 0.00012615201541697302
2402.5 0.0001238468592255114
2405.0 0.00014806852642078989
2407.5 0.00014239620087464256
2410.0 0.0002688101916790926
2412.5 0.00019624501628209712
2415.0 0.00013788393382923716
2417.5 0.000126858952136135
2420.0 0.00017107144162858439
2422.5 0.00014100903293175692
2425.0 0.00010553937735905693
2427.5 0.00014894642641933607
2430.0 0.0001493630141130008
2432.5 0.00012546579537153633
2435.0 0.00011018427770790595
2437.5 9.329358484774108e-05
2440.0 0.00014119724880990304
2442.5 0.00010452980591815756
2445.0 0.00013615118744907546
2447.5 0.00013448068876212654
2450.0 0.0001290010725844535
2452.5 0.00015297572524663327
2455.0 0.00012904528621389665
2457.5 0.0001583092952485086
2460.0 0.00015201387653153791
2462.5 0.0001360406534420018
2465.0 0.00018093014304122152
2467.5 0.00018452707433024406
2470.0 0.00018845580298456152
2472.5 0.00017242126398949665
2475.0 0.00013899499969027054
2477.5 0.00013663340423122645
2480.0 0.00014051773894873016
2482.5 0.00018354361472331954
2485.0 0.00018488658411782135
2487.5 0.0001944052074659987
2490.0 0.00012877979418952904
2492.5 0.00014431131709338393
2495.0 0.00016883380058949768
2497.5 0.00011898515893536281
2500.0 0.0002088187513955968
2502.5 0.00014514740800432297
2505.0 7.437822611137231e-05
2507.5 0.00014861450880477133
2510.0 0.0002304886009848826
2512.5 0.00019327951896551968
2515.0 0.0001576189348756675
2517.5 0.00017804537836094316
2520.0 0.00016533954345865034
2522.5 0.00014923805281055535
2525.0 0.00015078187698672332
2527.5 0.00014908586003855082
2530.0 0.00013170494022466016
2532.5 0.00020514873693839659
2535.0 0.00021070104555174346
2537.5 0.00018662469562918222
2540.0 0.00016500383867960495
2542.5 0.0001837105654207428
2545.0 0.00018119171261513545
2547.5 0.00020862571139707554
2550.0 0.000199394266059899
2552.5 0.00021965697492800151
2555.0 0.00022005402573033818
2557.5 0.00023706954465133146
2560.0 0.000202638360176028
2562.5 0.00024573601167966655
2565.0 0.0003169941506567945
2567.5 0.0002472024094312928
2570.0 0.00027289302170218016
2572.5 0.00021583763811229665
2575.0 0.00020649355478285096
2577.5 0.0001767870490608469
2580.0 0.00021440660225107415
2582.5 0.0002533117463287193
2585.0 0.00022228296530870574
2587.5 0.00018733687727462962
2590.0 0.00018844885984228767
2592.5 0.00023884615894982997
2595.0 0.00022914968932680752
2597.5 0.00020576775742480206
2600.0 0.00014509181788909082
2602.5 0.00018563095659482004
2605.0 0.0002727243728331246
2607.5 0.0002360901727655281
2610.0 0.00022831156956983317
2612.5 0.0002758372688747379
2615.0 0.00030007092120961607
2617.5 0.00023667320021919841
2620.0 0.0002261501376033109
2622.5 0.0002534689435284696
2625.0 0.00029920098631689107
2627.5 0.00013356987656947832
2630.0 0.0003408469228108059
2632.5 0.0003179303608613965
2635.0 0.0003505764699873099
2637.5 0.00043706789292049055
2640.0 0.0002415847572493969
2642.5 0.00028263579390313794
2645.0 0.0002457123268760484
2647.5 0.00020855679108917904
2650.0 0.0004170623653485404
2652.5 0.00038647821507452085
2655.0 0.0003158165239195909
2657.5 0.0003180161731533136
2660.0 0.00044506553515122934
2662.5 0.0002873552577148463
2665.0 0.0003943750468555206
2667.5 0.00041127110489124066
2670.0 0.00046600643140467304
2672.5 0.0003942527756592044
2675.0 0.0005392779575773208
2677.5 0.0006399515169847698
2680.0 0.0006589185208086842
2682.5 0.0005929630081167716
2685.0 0.0006126236639321419
2687.5 0.0006120298010922186
2690.0 0.000607277214616919
2692.5 0.000725673244479446
2695.0 0.0008395600278553198
2697.5 0.0008057123068537245
2700.0 0.0007331489198042246
2702.5 0.0007427529797041624
2705.0 0.0008159207495195628
2707.5 0.0008918742469206509
2710.0 0.0009028970494893974
2712.5 0.0009883426747247972
2715.0 0.001047936418204346
2717.5 0.0010541403889706103
2720.0 0.0009777820862195657
2722.5 0.0010861143668653896
2725.0 0.0013257727668736536
2727.5 0.001275206713595777
2730.0 0.0012550831828116462
2732.5 0.0012303069744651017
2735.0 0.001251300470348432
2737.5 0.0013071261087013728
2740.0 0.0013347162377868305
2742.5 0.0012655427202355309
2745.0 0.0015400058511138995
2747.5 0.0014707601973075214
2750.0 0.001626228084812315
2752.5 0.0015856995712007736
2755.0 0.0015623147538042087
2757.5 0.0016317835496252352
2760.0 0.0018319562877235178
2762.5 0.0020276628206783664
2765.0 0.0021132815134888385
2767.5 0.0021492480008982492
2770.0 0.0021551223081360403
2772.5 0.0026343306629165618
2775.0 0.002376092691497597
2777.5 0.002310553406283812
2780.0 0.0025772777439266154
2782.5 0.002834829217098956
2785.0 0.0027827688583918096
2787.5 0.0031070419323495405
2790.0 0.0030812387420114168
2792.5 0.0030566548974553086
2795.0 0.0027342520797747727
2797.5 0.0020487316987930076
2800.0 0.002070654431443479
2802.5 0.002319137397527174
2805.0 0.0022055497394218287
2807.5 0.00312804300247312
2810.0 0.0038034941039250276
2812.5 0.004403693474907883
2815.0 0.0047851055505420004
2817.5 0.0049258393389275505
2820.0 0.005061160011731717
2822.5 0.005264102788234856
2825.0 0.0052483496370998575
2827.5 0.005004117430807913
2830.0 0.005109245170875375
2832.5 0.005177599220480272
2835.0 0.00503682696208671
2837.5 0.005094999677673407
2840.0 0.005052667153111853
2842.5 0.004844206421051615
2845.0 0.0048963071783681205
2847.5 0.004572733106629409
2850.0 0.0043827618965312795
2852.5 0.004094011911315153
2855.0 0.0037306740913607664
2857.5 0.003952498088848326
2860.0 0.004289999776551929
2862.5 0.004139204403968805
2865.0 0.00417203079394045
2867.5 0.0042631857147855945
2870.0 0.004103831598870167
2872.5 0.004142162477456523
2875.0 0.003947517792128094
2877.5 0.004218704487469969
2880.0 0.0041973650977334435
2882.5 0.0041600768308823815
2885.0 0.0043521101784542455
2887.5 0.004618509901174955
2890.0 0.0043753106871202785
2892.5 0.004031061360898538
2895.0 0.003880025052868605
2897.5 0.004062923047000072
2900.0 0.004112128246698793
2902.5 0.004071666459234089
2905.0 0.003939355317822626
2907.5 0.00413869512103212
2910.0 0.004230577657744926
2912.5 0.004393801170278137
2915.0 0.004319687271134945
2917.5 0.003968646062559151
2920.0 0.004174095818549919
2922.5 0.004430839363891139
2925.0 0.004061639499817968
2927.5 0.004060713749436886
2930.0 0.0040454304509219335
2932.5 0.003777235011390263
2935.0 0.003958676090917611
2937.5 0.004176226247052172
2940.0 0.004294167817620584
2942.5 0.003953504391602691
2945.0 0.0040299153538643
2947.5 0.004164052508160601
2950.0 0.004245708027221688
2952.5 0.00410576822112302
2955.0 0.004137955482455276
2957.5 0.004243593949692631
2960.0 0.003816980965730216
2962.5 0.0037022723076483013
2965.0 0.0037672207963563653
2967.5 0.003741615980941487
2970.0 0.0037320884458848817
2972.5 0.0034878107919336407
2975.0 0.00352595820322386
2977.5 0.0035965294834726905
2980.0 0.003393616283588185
2982.5 0.0032374489130447166
2985.0 0.0033381830672612797
2987.5 0.003446545164492006
2990.0 0.0035445386160689583
2992.5 0.003397826885180405
2995.0 0.0034777429548627477
2997.5 0.0038521397657183347
3000.0 0.004195896400386412
3002.5 0.004350733334960196
3005.0 0.00436459554658874
3007.5 0.004267703377390454
3010.0 0.004706474468726483
3012.5 0.0049199376192031324
3015.0 0.0050491286220716814
3017.5 0.005322722266896262
3020.0 0.005488679747932549
3022.5 0.005725514126884219
3025.0 0.0059479053576094775
3027.5 0.006392443035725259
3030.0 0.0065226405795401985
3032.5 0.0063591015903197035
3035.0 0.006371818760101804
3037.5 0.006700420258201716
3040.0 0.006654568918867212
3042.5 0.006812541861693891
3045.0 0.006945346898482397
3047.5 0.006692026947879998
3050.0 0.006482587565961847
3052.5 0.006432018507561127
3055.0 0.0064385646453847
3057.5 0.006438248688321321
3060.0 0.006439399985258886
3062.5 0.006433379000969103
3065.0 0.006534266084667416
3067.5 0.00683741401485253
3070.0 0.006490372528529753
3072.5 0.00645105626461827
3075.0 0.006625301257909737
3077.5 0.00650176142070789
3080.0 0.006239185407866522
3082.5 0.006531697066137467
3085.0 0.006488510447960937
3087.5 0.006363491331831164
3090.0 0.006457782261816323
3092.5 0.006157019161635541
3095.0 0.006211752898915815
3097.5 0.00614544848503006
3100.0 0.005813263731677964
3102.5 0.005708320659181533
3105.0 0.0057804921640182095
3107.5 0.005656665706848913
3110.0 0.005501460874712865
3112.5 0.004936581892389276
3115.0 0.004875651161550461
3117.5 0.005064463375830257
3120.0 0.00505721462919669
3122.5 0.005182832476687175
3125.0 0.004964666994260394
3127.5 0.004971364137843536
3130.0 0.004787828941456226
3132.5 0.004726465388651336
3135.0 0.0049639648689314185
3137.5 0.004998821659174639
3140.0 0.004872498319730472
3142.5 0.004922771137335035
3145.0 0.004930029983842721
3147.5 0.004867477143137666
3150.0 0.005198421151128172
3152.5 0.005378121580114758
3155.0 0.005836077590815185
3157.5 0.006027689661415422
3160.0 0.005785301740042331
3162.5 0.006155645206164344
3165.0 0.006379916308672777
3167.5 0.007088401555438456
3170.0 0.007848038237887444
3172.5 0.008579735053501902
3175.0 0.008646739188618358
3177.5 0.00848866333086883
3180.0 0.00862869162286509
3182.5 0.009087070351221868
3185.0 0.009075560269425503
3187.5 0.009358819711127597
3190.0 0.009977402802457538
3192.5 0.00993413346467079
3195.0 0.010416020965198938
3197.5 0.010335906279739961
3200.0 0.009871974013397367
3202.5 0.009898981879638861
3205.0 0.00955727752697227
3207.5 0.009442841304677981
3210.0 0.009094805297900193
3212.5 0.009164570814893473
3215.0 0.009026008330890704
3217.5 0.007880929070112565
3220.0 0.007430095808230925
3222.5 0.007691269491031601
3225.0 0.007647964087335118
3227.5 0.007409982257116001
3230.0 0.00734370958442445
3232.5 0.006954238429340251
3235.0 0.006567416124816922
3237.5 0.006168538864260612
3240.0 0.005207629601575837
3242.5 0.004874307017785001
3245.0 0.004855162016653868
3247.5 0.00489370208949283
3250.0 0.005309128883133689
3252.5 0.005629842987223862
3255.0 0.005772359507628325
3257.5 0.005845750116506506
3260.0 0.0059520253078414135
3262.5 0.006036963514868751
3265.0 0.0064778361806485645
3267.5 0.006463064571386377
3270.0 0.00614046962855099
3272.5 0.0063123355625611085
3275.0 0.007168963487453161
3277.5 0.00740477977957687
3280.0 0.006903837209822634
3282.5 0.007481625246229786
3285.0 0.007759052216883248
3287.5 0.008132679814317598
3290.0 0.008445369947663721
3292.5 0.008939904402336149
3295.0 0.008382131331272207
3297.5 0.008730549181600059
3300.0 0.010565993503654513
3302.5 0.0
3600.0 -1.5120890330171335e-09
3602.5 -1.5117230458702342e-09
3605.0 -1.511357516921401e-09
3607.5 -1.510993363897448e-09
3610.0 -1.5106296695151216e-09
3612.5 -0.003034060815482271
3615.0 -0.004035708387942884
3617.5 -0.004092709609061578
3620.0 -0.0023908501156928385
3622.5 0.0002068131340948923
3625.0 0.0005693887127348223
3627.5 -0.00016565589160938228
3630.0 -0.0030452390718359577
3632.5 -0.0030136733856771943
3635.0 0.0013359174290783825
3637.5 0.0016087596548010111
3640.0 0.005313994245770374
3642.5 -0.0008284935230381083
3645.0 4.013332638457263e-05
3647.5 0.0009003630176863248
3650.0 -0.0037169126305230645
3652.5 0.00043405168971151297
3655.0 0.003306092949241771
3657.5 0.0002853881882670331
3660.0 0.005363550509020704
3662.5 0.0055954074775007535
3665.0 0.0038078569133259553
3667.5 0.0087787728469665
3670.0 0.01125688227689277
3672.5 0.011202363506805885
3675.0 0.0035987859097897238
3677.5 0.009622960122169781
3680.0 0.002160631124571207
3682.5 0.0035679817434941543
3685.0 0.0065578700759857935
3687.5 0.007851538298919604
3690.0 -0.0034965215026648254
3692.5 0.0005144414551557268
3695.0 0.006289573644366331
3697.5 0.009070573238125176
3700.0 0.010775194835487343
3702.5 0.010519267391911379
3705.0 0.005926519319938758
3707.5 0.0025170388007941923
3710.0 0.005955388308658242
3712.5 0.010948993540313905
3715.0 0.0008013295997693032
3717.5 0.003566396666499687
3720.0 0.00857003511133191
3722.5 0.0043422621172168555
3725.0 0.014772984481806447
3727.5 0.009417129965975038
3730.0 0.007345761624241867
3732.5 0.0038610584699836693
3735.0 0.0029908311541882782
3737.5 0.009676217947146834
3740.0 -0.00045144076997529864
3742.5 0.0029529386247762295
3745.0 0.0026947225350871756
3747.5 0.0013534421256347834
3750.0 0.011794497547239583
3752.5 0.005215317419943874
3755.0 -0.0018021361818376617
3757.5 0.005603320837546109
3760.0 0.010679259191789426
3762.5 0.005640112328094243
3765.0 0.005035671335998007
3767.5 0.0066287705358385185
3770.0 0.0033850277236709783
3772.5 0.005572912942051619
3775.0 0.008396578808649757
3777.5 0.004270791776956967
3780.0 0.006886863513074283
3782.5 0.010873893777243734
3785.0 0.002993216464568703
3787.5 0.005954678966598835
3790.0 0.006043563035206613
3792.5 0.006968012635003735
3795.0 0.005272243619445997
3797.5 0.008566860149146425
3800.0 0.012684064395193474
3802.5 0.00391756194961164
3805.0 0.008864136175748463
3807.5 0.012369890174722873
3810.0 0.0069139565030242696
3812.5 0.00885011093698185
3815.0 0.008716756701241196
3817.5 0.012581635512705256
3820.0 0.015644875986728427
3822.5 0.014810312662898728
3825.0 0.007933349151117158
3827.5 0.013646091767614162
3830.0 0.016537119571896065
3832.5 0.010227691100858177
3835.0 0.014171801650551324
3837.5 0.009913480335432425
3840.0 0.015156442348376707
3842.5 0.021912341263911218
3845.0 0.02065640230284156
3847.5 0.015796545170967992
3850.0 0.018934977735193443
3852.5 0.019996152267323892
3855.0 0.017421236750442215
3857.5 0.01805125105406403
3860.0 0.02318067614602203
3862.5 0.020733097726261335
3865.0 0.03242809705778008
3867.5 0.024718543392481737
3870.0 0.029469673662874164
3872.5 0.03434055035178381
3875.0 0.036151901120286024
3877.5 0.03217413845980151
3880.0 0.042001836110984715
3882.5 0.04047307151247053
3885.0 0.049794910279460446
3887.5 0.050670099856803395
3890.0 0.0544421795078758
3892.5 0.061678318331517615
3895.0 0.06591841896362939
3897.5 0.06390785631744669
3900.0 0.06536612728542499
3902.5 0.08315831827601931
3905.0 0.08590071717995207
3907.5 0.08398411268243881
3910.0 0.09638269388938153
3912.5 0.1131897594369844
3915.0 0.11488125220043745
3917.5 0.11607298398626058
3920.0 0.12448087955526901
3922.5 0.13517736490517493
3925.0 0.14397201929631828
3927.5 0.1476175274757295
3930.0 0.15326743498288314
3932.5 0.16110548762559518
3935.0 0.1554666448698638
3937.5 0.15334014848768399
3940.0 0.1606352583339149
3942.5 0.1590559982370845
3945.0 0.16657324973581622
3947.5 0.18186445826636738
3950.0 0.17364861865676143
3952.5 0.15347110970085662
3955.0 0.16116916770894826
3957.5 0.15804411886184078
3960.0 0.15616629486473643
3962.5 0.1497074901691986
3965.0 0.14136138183317787
3967.5 0.1448418573154154
3970.0 0.14199071905046473
3972.5 0.14000829535440604
3975.0 0.12961451356683756
3977.5 0.12276328688962035
3980.0 0.12459851381376949
3982.5 0.12140015128005743
3985.0 0.12009767954198916
3987.5 0.11642267045973169
3990.0 0.11236784303624973
3992.5 0.11551044317580524
3995.0 0.10839660154112885
3997.5 0.11503779009176038
4000.0 0.11531419370608634
4002.5 0.12002382728414362
4005.0 0.12196129939904321
4007.5 0.1260749285380457
4010.0 0.12352598600293888
4012.5 0.13432699409404072
4015.0 0.14116024632202862
4017.5 0.14910399128644072
4020.0 0.15908342163530115
4022.5 0.16947749581799565
4025.0 0.17565141748490848
4027.5 0.17786934052688744
4030.0 0.18414778497935225
4032.5 0.1898263623786291
4035.0 0.20904947017878964
4037.5 0.21335818696931683
4040.0 0.23734649836947314
4042.5 0.24517553302664516
4045.0 0.2525763505861279
4047.5 0.25533887844603403
4050.0 0.2613937808365746
4052.5 0.2843758298907326
4055.0 0.2953149551576412
4057.5 0.28758181004491734
4060.0 0.29026573036720293
4062.5 0.27741749509084024
4065.0 0.2944166935112479
4067.5 0.29459659205212635
4070.0 0.29604544489857676
4072.5 0.29712588272500606
4075.0 0.30067491665842916
4077.5 0.31256582691649937
4080.0 0.30983146111622273
4082.5 0.31337455479781495
4085.0 0.3114164766775517
4087.5 0.2964905899530487
4090.0 0.29977028388546983
4092.5 0.2839128950412956
4095.0 0.2667696854122613
4097.5 0.26124392181413947
4100.0 0.24452083461293167
4102.5 0.24248895036512189
4105.0 0.2216846433987544
4107.5 0.217325004125202
4110.0 0.20686946588774924
4112.5 0.19367548370980703
4115.0 0.1738926589831875
4117.5 0.17687932904246562
4120.0 0.1549778871218055
4122.5 0.1454694863366011
4125.0 0.1510429253769705
4127.5 0.13806342110075742
4130.0 0.1272810568361372
4132.5 0.12902001727806803
4135.0 0.1225629054314357
4137.5 0.11560763301805675
4140.0 0.12349149903575433
4142.5 0.12316860495123667
4145.0 0.12182108932705521
4147.5 0.12075905682459043
4150.0 0.12392851863726002
4152.5 0.1266399393155207
4155.0 0.12019970157741812
4157.5 0.1191303208288133
4160.0 0.12161763004644935
4162.5 0.12148717666577034
4165.0 0.12662298820487644
4167.5 0.12032110618945374
4170.0 0.12638568063994704
4172.5 0.13296098075222854
4175.0 0.13753499023100432
4177.5 0.12975561621575535
4180.0 0.1306861796281978
4182.5 0.1313058985894288
4185.0 0.13499578895129874
4187.5 0.13876147059603466
4190.0 0.14064552715138381
4192.5 0.14623820257079687
4195.0 0.1328788645618076
4197.5 0.12718435943482762
4200.0 0.1290937310563044
4202.5 0.12855651302993054
4205.0 0.1110866159420501
4207.5 0.10938832889524963
4210.0 0.11049836764743315
4212.5 0.10319203917861909
4215.0 0.09486128145364721
4217.5 0.0906775549300705
4220.0 0.08767568813090436
4222.5 0.08710362917601319
4225.0 0.08449624647160432
4227.5 0.08395008737309284
4230.0 0.08237573642719834
4232.5 0.07951441822544526
4235.0 0.0847708110838178
4237.5 0.08541046667316016
4240.0 0.08289811939297083
4242.5 0.08458671131466906
4245.0 0.08140299151369632
4247.5 0.08056840990630003
4250.0 0.09233486851301675
4252.5 0.09076526508458738
4255.0 0.09518906925319301
4257.5 0.09878903338759523
4260.0 0.10307963720492785
4262.5 0.1000268324424727
4265.0 0.10452611243366876
4267.5 0.12018822901641016
4270.0 0.12901835525662192
4272.5 0.12322726818714806
4275.0 0.1278389039773803
4277.5 0.13485944153779994
4280.0 0.14870187413530309
4282.5 0.14907724502778627
4285.0 0.14942185313196502
4287.5 0.14627178161385596
4290.0 0.15390502074119378
4292.5 0.15625136578952115
4295.0 0.1552538752085919
4297.5 0.15115381924473253
4300.0 0.15039219736260803
4302.5 0.1540521405109888
4305.0 0.1499149044576038
4307.5 0.14679087127548357
4310.0 0.1542351938320469
4312.5 0.15797269802560157
4315.0 0.15516304873059655
4317.5 0.16162171494652525
4320.0 0.1656104769509908
4322.5 0.16361366446061762
4325.0 0.16706271540654014
4327.5 0.1731421018524853
4330.0 0.17805385582357572
4332.5 0.19288594598852396
4335.0 0.1922516689259099
4337.5 0.19471675629139124
4340.0 0.19990676055251794
4342.5 0.2094541881029583
4345.0 0.20841551629440505
4347.5 0.20945264916956965
4350.0 0.21234486096563854
4352.5 0.21132944211013502
4355.0 0.20664977109276253
4357.5 0.2119157667712832
4360.0 0.21965054316670585
4362.5 0.22719664921182497
4365.0 0.2184172300172709
4367.5 0.21927940424124026
4370.0 0.22718498427859893
4372.5 0.21788830670657583
4375.0 0.22320616357535056
4377.5 0.2192648923145123
4380.0 0.2204604406285256
4382.5 0.22356128242380288
4385.0 0.2260437902757209
4387.5 0.23303627347301675
4390.0 0.22522856813542572
4392.5 0.2341134642143123
4395.0 0.24100381000607562
4397.5 0.25474738306628336
4400.0 0.24900226319859978
4402.5 0.2536407222052449
4405.0 0.2610814129322383
4407.5 0.268530321417152
4410.0 0.26160519626307815
4412.5 0.2548099859184424
4415.0 0.2530018591699244
4417.5 0.24523965937628509
4420.0 0.24630874005616604
4422.5 0.24436897495491325
4425.0 0.2479096372148991
4427.5 0.24259224195960688
4430.0 0.23827461492440152
4432.5 0.23540236277723747
4435.0 0.22327849238007125
4437.5 0.22628373707038246
4440.0 0.22255922126171884
4442.5 0.21088960625387473
4445.0 0.2032573058781218
4447.5 0.20138503734405613
4450.0 0.18672151940089743
4452.5 0.18394306381328815
4455.0 0.18878078082791278
4457.5 0.18172450980640206
4460.0 0.17352721404472582
4462.5 0.17313760822908897
4465.0 0.17597280341914087
4467.5 0.172571027779478
4470.0 0.1651705487897764
4472.5 0.16225366823968268
4475.0 0.15954538695004997
4477.5 0.16602926049124447
4480.0 0.16209200576005625
4482.5 0.16421100769853303
4485.0 0.16592578419813916
4487.5 0.17044220762784154
4490.0 0.16960320935480735
4492.5 0.17538630949528014
4495.0 0.186560641757339
4497.5 0.19266662054642172
4500.0 0.19521544003782712
4502.5 0.19491973847825078
4505.0 0.20072810751019612
4507.5 0.22137806178637606
4510.0 0.2393515748367778
4512.5 0.25179615407297024
4515.0 0.2737350069120753
4517.5 0.28233203448922584
4520.0 0.3022633793950638
4522.5 0.33203377531506173
4525.0 0.3589267175418336
4527.5 0.3860564056527884
4530.0 0.4052501818571713
4532.5 0.4219805942837257
4535.0 0.4485013051840666
4537.5 0.4685221530275228
4540.0 0.46454253205229873
4542.5 0.47972538583319996
4545.0 0.4885282888540791
4547.5 0.47628247536234847
4550.0 0.47111278448967914
4552.5 0.4730318359777746
4555.0 0.4685931275974752
4557.5 0.4755377353954197
4560.0 0.48026323495754913
4562.5 0.48856823902370433
4565.0 0.5070114581417411
4567.5 0.50653596564908
4570.0 0.5200337133177141
4572.5 0.5399387120121734
4575.0 0.544209371705221
4577.5 0.5415453340740819
4580.0 0.5649034003328258
4582.5 0.5710802149904715
4585.0 0.5757597936141778
4587.5 0.5773264655064612
4590.0 0.5726646151115131
4592.5 0.5755175691803586
4595.0 0.5747058866090353
4597.5 0.5881107766471237
4600.0 0.5846583247449066
4602.5 0.5868399445722458
4605.0 0.5931564311298428
4607.5 0.6068427567994704
4610.0 0.6102750178246589
4612.5 0.6106629465821464
4615.0 0.6073912238766822
4617.5 0.6111295439111886
4620.0 0.6262325284020791
4622.5 0.6306018630225141
4625.0 0.6222711280078432
4627.5 0.6036144932712803
4630.0 0.5946847532190283
4632.5 0.5849071356095913
4635.0 0.5863015108350688
4637.5 0.5807538025657907
4640.0 0.561608409770677
4642.5 0.5417704454976496
4645.0 0.5569516683063445
4647.5 0.5438613319060004
4650.0 0.5372325698377332
4652.5 0.5337939064593146
4655.0 0.515361275132022
4657.5 0.49647466533026957
4660.0 0.4824561815475376
4662.5 0.4611810295830662
4665.0 0.44017395595591896
4667.5 0.4211056316763251
4670.0 0.3997761256224987
4672.5 0.3804553585599381
4675.0 0.35987336255314
4677.5 0.3354827493032258
4680.0 0.3139672813242766
4682.5 0.29535764453555047
4685.0 0.2773139264484248
4687.5 0.2531350210201401
4690.0 0.22634615526827728
4692.5 0.21795100186368893
4695.0 0.19918218023595388
4697.5 0.16867510819143064
4700.0 0.15848038441038187
4702.5 0.15233314739156065
4705.0 0.14414196114442787
4707.5 0.13702811946539542
4710.0 0.1266127006159243
4712.5 0.11788895918417049
4715.0 0.11047936214166486
4717.5 0.10599286281594612
4720.0 0.10610727305446237
4722.5 0.10339966886003583
4725.0 0.10656670688034085
4727.5 0.10428274920244883
4730.0 0.09337777233294368
4732.5 0.09614334723216769
4735.0 0.10009842254142441
4737.5 0.09480869690481981
4740.0 0.10048760515592392
4742.5 0.1013813808968747
4745.0 0.09922332145441466
4747.5 0.10713090203864448
4750.0 0.10249413583654883
4752.5 0.10168116055230784
4755.0 0.1077253367168512
4757.5 0.1109199443329359
4760.0 0.11778010436433686
4762.5 0.12947197972539295
4765.0 0.13224554159797405
4767.5 0.1329866036050339
4770.0 0.14148044732856122
4772.5 0.16134081770880293
4775.0 0.175426074921929
4777.5 0.19350221781880525
4780.0 0.217849126025823
4782.5 0.2400731850274264
4785.0 0.27596673395811666
4787.5 0.30251179025682884
4790.0 0.3141894075852257
4792.5 0.33885330045238954
4795.0 0.3705829748119022
4797.5 0.3877034701034837
4800.0 0.41017964870982443
4802.5 0.44004499533397345
4805.0 0.45151011978289257
4807.5 0.45760435676970285
4810.0 0.47082423902580506
4812.5 0.4768528875986331
4815.0 0.48113327280068185
4817.5 0.47723632220045165
4820.0 0.46519656876235776
4822.5 0.473245867701929
4825.0 0.4710078615681393
4827.5 0.45572233194353273
4830.0 0.4432125642519217
4832.5 0.44007958999766383
4835.0 0.42593682373757885
4837.5 0.4173748217432099
4840.0 0.4112949889866218
4842.5 0.4045557949745674
4845.0 0.4035620593112655
4847.5 0.42129473294571984
4850.0 0.43757646079318646
4852.5 0.4563762147380749
4855.0 0.4682476112143225
4857.5 0.48456639610761343
4860.0 0.5062733968662758
4862.5 0.5259663336890606
4865.0 0.550251500970814
4867.5 0.5813615488514738
4870.0 0.5984011587001409
4872.5 0.6147510296486778
4875.0 0.6315859034720016
4877.5 0.6340862623745991
4880.0 0.6453247365109177
4882.5 0.6693444110586065
4885.0 0.6869451077261889
4887.5 0.6915958779781628
4890.0 0.7100879113802039
4892.5 0.7169257803196456
4895.0 0.7193720314864273
4897.5 0.7203073193068292
4900.0 0.721895904865385
4902.5 0.7192840055611425
4905.0 0.7010674370218424
4907.5 0.6802848289053647
4910.0 0.6562543203908169
4912.5 0.6388829214714374
4915.0 0.6274299232587347
4917.5 0.6090131119626394
4920.0 0.5879725822474223
4922.5 0.5632065984155172
4925.0 0.5417396060620792
4927.5 0.5249366184772649
4930.0 0.501434572014778
4932.5 0.4936196797540253
4935.0 0.4977485748283644
4937.5 0.48826661251513664
4940.0 0.48724862371406163
4942.5 0.49357578987944034
4945.0 0.49765279324655837
4947.5 0.5163045035737018
4950.0 0.528818918715514
4952.5 0.536064229528925
4955.0 0.5486117001349025
4957.5 0.5722004183322618
4960.0 0.5898133648120343
4962.5 0.596342343938617
4965.0 0.6229797040381503
4967.5 0.6259400121840055
4970.0 0.6320503464273679
4972.5 0.6537018231613227
4975.0 0.6544975628351715
4977.5 0.6587371360294125
4980.0 0.6691075417315178
4982.5 0.6761339580662736
4985.0 0.6777131259468622
4987.5 0.6736425244894136
4990.0 0.6837530391838602
4992.5 0.6730960884760399
4995.0 0.6570347323856981
4997.5 0.6701077716981553
5000.0 0.6730943035883167
5002.5 0.6667240783372956
5005.0 0.6626777303281128
5007.5 0.6540313962034402
5010.0 0.6590715106146723
5012.5 0.66541735910759
5015.0 0.6615633132339245
5017.5 0.6564721072987348
5020.0 0.6373260371866347
5022.5 0.642928592163634
5025.0 0.6343918285881266
5027.5 0.6138350704235613
5030.0 0.5990948994037102
5032.5 0.584823787917611
5035.0 0.5724934269025652
5037.5 0.5514012512126814
5040.0 0.5337831958022933
5042.5 0.5174757372280914
5045.0 0.5000908265667076
5047.5 0.47975000832385767
5050.0 0.4613573271661902
5052.5 0.4350314732215229
5055.0 0.41759790210293946
5057.5 0.3922032425356217
5060.0 0.37548329467868585
5062.5 0.36327838527793666
5065.0 0.34898499050654413
5067.5 0.3316894903891124
5070.0 0.3193080372291243
5072.5 0.3134992372780877
5075.0 0.3105589653396912
5077.5 0.30172316050402714
5080.0 0.2963780956744034
5082.5 0.2955621348726953
5085.0 0.29338485444274326
5087.5 0.28807106023391765
5090.0 0.28448807799326303
5092.5 0.2915524436846366
5095.0 0.2938669025388105
5097.5 0.2984581478054027
5100.0 0.30377766669562345
5102.5 0.30912082328333024
5105.0 0.3260840727609232
5107.5 0.3244991495045484
5110.0 0.3264354674748516
5112.5 0.34004635568987773
5115.0 0.3462401908753963
5117.5 0.36250929969085643
5120.0 0.3828847739861791
5122.5 0.3920574154343883
5125.0 0.4010006977456119
5127.5 0.4095724872143933
5130.0 0.4054912059273829
5132.5 0.40612409797212523
5135.0 0.4155039997932227
5137.5 0.4251709083222299
5140.0 0.42902698552586993
5142.5 0.42757579351841124
5145.0 0.43920170348335885
5147.5 0.43756230282779124
5150.0 0.4484066928279163
5152.5 0.4580022266066272
5155.0 0.45804346931174583
5157.5 0.47036650581114203
5160.0 0.4774525699532008
5162.5 0.4762032829457637
5165.0 0.4893958955417419
5167.5 0.5014263847738247
5170.0 0.5080134729961019
5172.5 0.509497597823229
5175.0 0.5016208723322578
5177.5 0.5023846947183572
5180.0 0.4963238520759857
5182.5 0.4933309493253946
5185.0 0.5036184695256308
5187.5 0.5050542418153042
5190.0 0.5056324101516707
5192.5 0.5070659970184285
5195.0 0.5030349456389733
5197.5 0.5035317365794
5200.0 0.49687742897093423
5202.5 0.5133022754057415
5205.0 0.5196028186223035
5207.5 0.5094929808012828
5210.0 0.5184187194936563
5212.5 0.5204579599273403
5215.0 0.5154681679060418
5217.5 0.5124066911352891
5220.0 0.5002638001069393
5222.5 0.48753870833310464
5225.0 0.4697126842279582
5227.5 0.4598554435046256
5230.0 0.45585230805304117
5232.5 0.4530268693768741
5235.0 0.4464860715789727
5237.5 0.45235682811442157
5240.0 0.45408114586796916
5242.5 0.45703129780751245
5245.0 0.46658269553552356
5247.5 0.4748845911292223
5250.0 0.4815020574840798
5252.5 0.4946407774711174
5255.0 0.4964219113413054
5257.5 0.4876591434548081
5260.0 0.4983862068943982
5262.5 0.4981799623195653
5265.0 0.4955274355287111
5267.5 0.5022405295498578
5270.0 0.5134247109856039
5272.5 0.528335824038288
5275.0 0.5276343276781975
5277.5 0.5121212541438714
5280.0 0.5183335873575132
5282.5 0.5348278075521851
5285.0 0.5378642000857293
5287.5 0.5445865893621267
5290.0 0.5511379745072116
5292.5 0.5379609051606368
5295.0 0.5332671068722603
5297.5 0.5497434147605382
5300.0 0.544151015989851
5302.5 0.5375748233893518
5305.0 0.5500978564694283
5307.5 0.5456036852757795
5310.0 0.556917812215355
5312.5 0.552395264234406
5315.0 0.5513852466602879
5317.5 0.5583427199324903
5320.0 0.5621366864144207
5322.5 0.5647683454548206
5325.0 0.5610231311584148
5327.5 0.5632629221799279
5330.0 0.5614105671201121
5332.5 0.545551300772768
5335.0 0.5374714085737412
5337.5 0.545567736466033
5340.0 0.5440432307719696
5342.5 0.5454932533319925
5345.0 0.547941412696335
5347.5 0.544088474836967
5350.0 0.5630921651118515
5352.5 0.5638342273036349
5355.0 0.5732321650514562
5357.5 0.5673991426570377
5360.0 0.5831117816311726
5362.5 0.5883198835182981
5365.0 0.5846572167306093
5367.5 0.5920748237672655
5370.0 0.6010057330451732
5372.5 0.6097990640290076
5375.0 0.6093717395526042
5377.5 0.6132994683770466
5380.0 0.6152460046521413
5382.5 0.6104883726753874
5385.0 0.6136979844817178
5387.5 0.6240795319817158
5390.0 0.6150311110898045
5392.5 0.6093620136000426
5395.0 0.6074766026325008
5397.5 0.5958735301374193
5400.0 0.5936954188741685
5402.5 0.6052632194329293
5405.0 0.6041068211052775
5407.5 0.598167121507275
5410.0 0.6006009383406703
5412.5 0.600136803216338
5415.0 0.5911169445200439
5417.5 0.5837146035074364
5420.0 0.5828267757806265
5422.5 0.5716115699445532
5425.0 0.5632165705441938
5427.5 0.5621797761057421
5430.0 0.5444473486030467
5432.5 0.537925202527005
5435.0 0.5449164081367986
5437.5 0.5357512767012684
5440.0 0.527942601828989
5442.5 0.5258095496659788
5445.0 0.5212340015199508
5447.5 0.5210432380960417
5450.0 0.5154304643706905
5452.5 0.5131341646200102
5455.0 0.5296203829820458
5457.5 0.5260721494980227
5460.0 0.5128564837286743
5462.5 0.5274912705239955
5465.0 0.5361112584816454
5467.5 0.5355029581888135
5470.0 0.5499920406604663
5472.5 0.5563857187329286
5475.0 0.5695067104912077
5477.5 0.5812889739149943
5480.0 0.5711527287155928
5482.5 0.5583925805758732
5485.0 0.559669875771779
5487.5 0.5597609791202806
5490.0 0.5629586489454544
5492.5 0.5693343526130435
5495.0 0.5622092001395421
5497.5 0.5661183388970437
5500.0 0.5552402772384131
5502.5 0.5589401862584631
5505.0 0.5591457845655493
5507.5 0.5666943218104944
5510.0 0.5570377855905078
5512.5 0.557292383146355
5515.0 0.5637911992672322
5517.5 0.5702825059077035
5520.0 0.5656696543179558
5522.5 0.5681034711513513
5525.0 0.5733237611957481
5527.5 0.564373830710028
5530.0 0.5621908562487161
5532.5 0.5591861654324854
5535.0 0.5589597610298636
5537.5 0.578972729906961
5540.0 0.5650154330867008
5542.5 0.5538510113871117
5545.0 0.5498275005373028
5547.5 0.5473253563034213
5550.0 0.544577478628072
5552.5 0.5295511937433773
5555.0 0.5376280080756269
5557.5 0.5412062196005987
5560.0 0.5261889833514793
5562.5 0.5187824564577971
5565.0 0.5149771632132171
5567.5 0.5017373060940826
5570.0 0.49603909240155447
5572.5 0.48957862564021454
5575.0 0.48300397175132365
5577.5 0.4718177592517393
5580.0 0.48253577405575426
5582.5 0.49551835584389614
5585.0 0.4906228066927953
5587.5 0.4839472006365641
5590.0 0.49872239697306037
5592.5 0.506365208137443
5595.0 0.48808138960627523
5597.5 0.4983615844037405
5600.0 0.505181325022792
5602.5 0.5027696684753447
5605.0 0.5061048247775545
5607.5 0.5074330575819009
5610.0 0.5162934234307279
5612.5 0.5216937662420126
5615.0 0.5186287503014926
5617.5 0.5133331152848726
5620.0 0.5048943488762054
5622.5 0.5185877537724888
5625.0 0.5279940632824597
5627.5 0.5352192448737608
5630.0 0.5196451693417196
5632.5 0.5429677791429468
5635.0 0.536968615815277
5637.5 0.5321387167330772
5640.0 0.5460605570958207
5642.5 0.5397928236108696
5645.0 0.5325922640666655
5647.5 0.5298200105203341
5650.0 0.5342445608908822
5652.5 0.534024742919126
5655.0 0.5224773173150294
5657.5 0.537936528846094
5660.0 0.5386506445043274
5662.5 0.5266254797732958
5665.0 0.531508871816365
5667.5 0.5313594127524934
5670.0 0.5205824270146016
5672.5 0.5136566554597127
5675.0 0.5194236276935983
5677.5 0.4992535980116252
5680.0 0.4896403049549162
5682.5 0.4837119010703234
5685.0 0.48065264077172615
5687.5 0.4859873641197889
5690.0 0.4801694227846624
5692.5 0.4720897151068316
5695.0 0.47156765540800066
5697.5 0.4675119509322087
5700.0 0.4558909040322541
5702.5 0.46414355420107695
5705.0 0.46615180084011293
5707.5 0.46502691926501816
5710.0 0.45078741723563454
5712.5 0.4489315225624907
5715.0 0.43716366363506265
5717.5 0.42705871979520643
5720.0 0.42087621101748884
5722.5 0.4248648499338969
5725.0 0.42002580942325124
5727.5 0.4240232201047283
5730.0 0.4210256083820854
5732.5 0.4054858197270568
5735.0 0.39093801240892984
5737.5 0.3950119376874902
5740.0 0.3907085301395308
5742.5 0.36846506549617114
5745.0 0.3713164192428455
5747.5 0.3639858221116383
5750.0 0.3481741081184845
5752.5 0.3491993914061588
5755.0 0.34216703504135226
5757.5 0.3334020508157677
5760.0 0.3382127446125196
5762.5 0.32083174265121184
5765.0 0.3112003521902842
5767.5 0.31206423461035476
5770.0 0.3092121729853709
5772.5 0.29681711586713627
5775.0 0.28115876959357394
5777.5 0.27695970017690225
5780.0 0.2625306043484698
5782.5 0.25652676296491966
5785.0 0.2622090952818239
5787.5 0.2626676596402781
5790.0 0.25619035727146566
5792.5 0.25334903721967467
5795.0 0.2670504133872711
5797.5 0.2741236739761273
5800.0 0.28705833445639917
5802.5 0.2880966676951713
5805.0 0.3052723790917145
5807.5 0.3282430709993242
5810.0 0.3381306283777426
5812.5 0.36662551421133815
5815.0 0.373193889278617
5817.5 0.39844389132520547
5820.0 0.41191686249895293
5822.5 0.4192531535728078
5825.0 0.4475992577925865
5827.5 0.45245371815408564
5830.0 0.46649996394917137
5832.5 0.4885414005044519
5835.0 0.4804089082319778
5837.5 0.503259595759551
5840.0 0.5136229532842401
5842.5 0.5074135444654193
5845.0 0.5350691089364634
5847.5 0.534748400008725
5850.0 0.5356628200786726
5852.5 0.584479564957073
5855.0 0.5658260076437267
5857.5 0.578135562563237
5860.0 0.5919520187014504
5862.5 0.5950906559378284
5865.0 0.6009201081132398
5867.5 0.6000884196296444
5870.0 0.6020773066241552
5872.5 0.5847248056027505
5875.0 0.5946082385775889
5877.5 0.5930897036523235
5880.0 0.5883768845996953
5882.5 0.5899690408208187
5885.0 0.579562686308967
5887.5 0.5636310912012583
5890.0 0.5654406027458678
5892.5 0.5730944634475451
5895.0 0.5570027602738625
5897.5 0.5659347159111489
5900.0 0.5891679460402396
5902.5 0.5838982260497707
5905.0 0.5974193342792482
5907.5 0.584420778544392
5910.0 0.5889517599424093
5912.5 0.6049937257825467
5915.0 0.5886083983764931
5917.5 0.5670285730859165
5920.0 0.570935434603465
5922.5 0.5713725462437884
5925.0 0.5917257371651057
5927.5 0.6027314049891331
5930.0 0.5896712311509337
5932.5 0.5986743463229288
5935.0 0.6028017022420991
5937.5 0.5726679391544054
5940.0 0.57022433515709
5942.5 0.5667084798202456
5945.0 0.553358621454635
5947.5 0.5449414001134089
5950.0 0.5489345634363166
5952.5 0.559519739390921
5955.0 0.5437416047069625
5957.5 0.5475174122628238
5960.0 0.5682592088150544
5962.5 0.5565139410039535
5965.0 0.5499556611534087
5967.5 0.5369875137132516
5970.0 0.5439390157730954
5972.5 0.5525433686643046
5975.0 0.5357288702392055
5977.5 0.5358586312218387
5980.0 0.5329054014155182
5982.5 0.5617980647367281
5985.0 0.5505083141116953
5987.5 0.532118772475724
5990.0 0.5229929755477515
5992.5 0.5133472728510633
5995.0 0.5249785384993699
5997.5 0.5213138402042824
6000.0 0.5041873124446279
6002.5 0.5038291155519741
6005.0 0.4983316369684711
6007.5 0.5001788520484317
6010.0 0.5089236459736164
6012.5 0.49812585414018884
6015.0 0.48877934679659835
6017.5 0.4857037120160945
6020.0 0.47230885620516205
6022.5 0.4613229481172918
6025.0 0.45488790402987306
6027.5 0.4490767340903687
6030.0 0.4290510232706316
6032.5 0.41464639610605203
6035.0 0.4210547861067022
6037.5 0.4057643624122191
6040.0 0.40525341355075334
6042.5 0.40661568736648984
6045.0 0.4005379783335425
6047.5 0.3952832782797194
6050.0 0.3933541008804986
6052.5 0.3944608540464911
6055.0 0.4088911194554278
6057.5 0.4277254063203755
6060.0 0.4433365080707815
6062.5 0.4371037692524404
6065.0 0.43709188883749067
6067.5 0.44750169087949665
6070.0 0.45246883026261736
6072.5 0.4584393692961904
6075.0 0.4702511490143749
6077.5 0.4757887928943783
6080.0 0.4734585447921105
6082.5 0.46966390099319355
6085.0 0.4756490908323082
6087.5 0.4846355857898425
6090.0 0.48685186189143465
6092.5 0.4782015264068834
6095.0 0.4927314825412627
6097.5 0.5017204397035067
6100.0 0.514556671343794
6102.5 0.5074250863549439
6105.0 0.5133444105547217
6107.5 0.5331912695478074
6110.0 0.5172127066987365
6112.5 0.5269162106600854
6115.0 0.5250878624288597
6117.5 0.5203302921070246
6120.0 0.523556093430505
6122.5 0.5213042987729166
6125.0 0.507926986225986
6127.5 0.5225070491798631
6130.0 0.538835375060959
6132.5 0.5180889619303427
6135.0 0.502550373905058
6137.5 0.500533047581207
6140.0 0.49410006605042667
6142.5 0.48252604810319255
6145.0 0.48766711468176505
6147.5 0.48761411496024654
6150.0 0.49348065456538104
6152.5 0.48282832043594637
6155.0 0.4765383960593682
6157.5 0.4865808290858831
6160.0 0.4886799945522246
6162.5 0.48712351035905366
6165.0 0.49611896169156516
6167.5 0.5176487107683232
6170.0 0.4957319258214999
6172.5 0.4955766805100264
6175.0 0.5066998595044968
6177.5 0.4898157406998576
6180.0 0.4779799852023227
6182.5 0.4884593457915256
6185.0 0.4960528809253531
6187.5 0.493965472918972
6190.0 0.5012458400982678
6192.5 0.4896580331836745
6195.0 0.5056889805357568
6197.5 0.5205240712992315
6200.0 0.4795878997997246
6202.5 0.4792516786718227
6205.0 0.4980226855006931
6207.5 0.4922326911426771
6210.0 0.4764303952710511
6212.5 0.4612125157299441
6215.0 0.46160592246043913
6217.5 0.46956030165638685
6220.0 0.4689699141135093
6222.5 0.47617025808727753
6225.0 0.46748043417965174
6227.5 0.4498469894353773
6230.0 0.45298174862171453
6232.5 0.447720400393395
6235.0 0.436754436695946
6237.5 0.4193968261672972
6240.0 0.4114617144883449
6242.5 0.4008421900018091
6245.0 0.38560328901651103
6247.5 0.37727390863581306
6250.0 0.38604390970883934
6252.5 0.36676964850802213
6255.0 0.3531910773618847
6257.5 0.34374764937295105
6260.0 0.332182649455613
6262.5 0.3176815941753443
6265.0 0.3002452530210174
6267.5 0.28009516746332924
6270.0 0.28335528644692565
6272.5 0.27695305209111787
6275.0 0.23590070795389226
6277.5 0.21183834420571845
6280.0 0.19747925336819402
6282.5 0.18785383385348856
6285.0 0.1758260991325293
6287.5 0.16674051385313637
6290.0 0.15290953070713567
6292.5 0.14995229998449702
6295.0 0.1416892773735855
6297.5 0.11472215199278475
6300.0 0.11153683173657265
6302.5 0.09578788214033644
6305.0 0.09439026732589892
6307.5 0.08233149276870481
6310.0 0.07966446966445455
6312.5 0.0859541019563991
6315.0 0.08036579702796891
6317.5 0.07666795823815516
6320.0 0.07159855064349052
6322.5 0.07053753385036907
6325.0 0.07351460113385508
6327.5 0.07285627089057164
6330.0 0.07408732183675679
6332.5 0.08247113344199242
6335.0 0.07626724917003874
6337.5 0.07305498260935632
6340.0 0.07716945047703573
6342.5 0.08350169523348715
6345.0 0.08942398973660462
6347.5 0.08972189960682189
6350.0 0.09778420990772155
6352.5 0.09669353829623696
6355.0 0.10166891082882973
6357.5 0.10771804231896404
6360.0 0.10547104924887402
6362.5 0.11042173763589024
6365.0 0.11433513923222498
6367.5 0.1043105188440444
6370.0 0.1086864936548856
6372.5 0.11550694215224665
6375.0 0.124911266462542
6377.5 0.12175663975482981
6380.0 0.12441878453560361
6382.5 0.140252781947119
6385.0 0.13526155868893758
6387.5 0.1532146657354355
6390.0 0.1718878133891582
6392.5 0.17803543506370345
6395.0 0.17272179477039465
6397.5 0.18320003195374845
6400.0 0.18238768763441462
6402.5 0.17208877959323884
6405.0 0.18194337354630963
6407.5 0.20206538939367835
6410.0 0.20493222460176894
6412.5 0.21792025446693616
6415.0 0.21962191940488168
6417.5 0.2219257290351728
6420.0 0.23585049334917657
6422.5 0.24021751941428232
6425.0 0.24348376325961776
6427.5 0.2655991598136056
6430.0 0.27361521814683076
6432.5 0.28822033451045675
6435.0 0.3258206421842927
6437.5 0.3466822581074471
6440.0 0.3590023087788837
6442.5 0.37000997710542616
6445.0 0.36267402460135234
6447.5 0.3723006444353093
6450.0 0.42450674556797746
6452.5 0.42912867666511567
6455.0 0.44053369151582505
6457.5 0.4808560230502175
6460.0 0.5032274633449265
6462.5 0.5353079476724715
6465.0 0.5759292585903214
6467.5 0.6004893979390253
6470.0 0.6269082942572146
6472.5 0.6127799937492026
6475.0 0.6471085175505721
6477.5 0.6605466480175826
6480.0 0.6883037803180345
6482.5 0.7580288312807485
6485.0 0.7573288736322663
6487.5 0.7689847617712308
6490.0 0.7983509166833821
6492.5 0.7882011903476551
6495.0 0.8381074832099108
6497.5 0.863111628904398
6500.0 0.8735592882198479
6502.5 0.873006573163082
6505.0 0.8527201709306422
6507.5 0.8855804515910009
6510.0 0.8857246167595003
6512.5 0.8851291202860073
6515.0 0.871199769999297
6517.5 0.904802112851439
6520.0 0.9035666143678004
6522.5 0.9240131863211329
6525.0 0.950216758823235
6527.5 0.9478356959788038
6530.0 0.955768283487635
6532.5 0.953812698576965
6535.0 0.9879074309180231
6537.5 0.9286231450088598
6540.0 0.9808204432828631
6542.5 0.9720002125684178
6545.0 0.9791348448183662
6547.5 0.9783049412224941
6550.0 0.9769390665377153
6552.5 0.9835148284409035
6555.0 1.0
6557.5 0.9535087948284443
6560.0 0.9244416188118338
6562.5 0.9038548830498805
6565.0 0.9022252393074022
6567.5 0.9197870938196567
6570.0 0.9501366739627886
6572.5 0.916769599184087
6575.0 0.9416750703947476
6577.5 0.9155431497795843
6580.0 0.9423459734953825
6582.5 0.9268945180643998
6585.0 0.907451500120597
6587.5 0.9259115856292097
6590.0 0.8996963177656266
6592.5 0.9153967685824901
6595.0 0.926226754485461
6597.5 0.9024428408070031
6600.0 0.9093543931407823
6602.5 0.8463064873894685
6605.0 0.8544812993321188
6607.5 0.857858160085998
6610.0 0.8319271595446164
6612.5 0.8418331839462742
6615.0 0.8160798351784287
6617.5 0.8236846354199869
6620.0 0.8160070757207533
6622.5 0.8021355883536225
6625.0 0.7786592723960908
6627.5 0.8150540596715928
6630.0 0.8204945367301382
6632.5 0.7878941470774382
6635.0 0.7741970490958705
6637.5 0.7786694907008823
6640.0 0.7904441825457832
6642.5 0.7889292794944437
6645.0 0.7719872361153061
6647.5 0.7469558207606948
6650.0 0.7678472608979932
6652.5 0.7682413449454746
6655.0 0.752724947811817
6657.5 0.7119357727279113
6660.0 0.6687806775137854
6662.5 0.7050222509852128
6665.0 0.7509052791737743
6667.5 0.7150236262713656
6670.0 0.6840238258132968
6672.5 0.687338083759373
6675.0 0.6976048284697527
6677.5 0.6759521204116626
6680.0 0.6659910647810876
6682.5 0.6713200635364673
6685.0 0.6583336955153221
6687.5 0.6692231447043998
6690.0 0.6318236341937123
6692.5 0.6143896936778883
6695.0 0.5958116046466029
6697.5 0.5932615691782579
6700.0 0.5981252631400888
6702.5 0.6023556648324775
6705.0 0.6280218495132205
6707.5 0.6151592717059106
6710.0 0.5970731414662303
6712.5 0.5983099324853621
6715.0 0.5866414254918155
6717.5 0.571549274967784
6720.0 0.6062834553118389
6722.5 0.6050197024636167
6725.0 0.5820931465623508
6727.5 0.5733794692980914
6730.0 0.5597844935966407
6732.5 0.5560837231819689
6735.0 0.5178197144560751
6737.5 0.5561608534854757
6740.0 0.5387768352679535
6742.5 0.5337814721259283
6745.0 0.5413173288613723
6747.5 0.5137684420374727
6750.0 0.5230217839194837
6752.5 0.5036845196861637
6755.0 0.48797317324752226
6757.5 0.48818031070977735
6760.0 0.5079043641934873
6762.5 0.5177802566386797
6765.0 0.4852598906350678
6767.5 0.4754936609996387
6770.0 0.506697643475902
6772.5 0.48614334795960706
6775.0 0.4630042067851971
6777.5 0.46350032085219783
6780.0 0.4816695215585038
6782.5 0.4830020018988438
6785.0 0.48867374655807205
6787.5 0.4835375733396793
6790.0 0.4845763992855297
6792.5 0.46456817029665576
6795.0 0.49084521017909905
6797.5 0.45500812358114073
6800.0 0.45518051250854463
6802.5 0.44701256377855386
6805.0 0.4725270733668305
6807.5 0.43758677149164416
6810.0 0.4357304768599367
6812.5 0.44396195202390004
6815.0 0.43624647335194744
6817.5 0.4577128499102498
6820.0 0.42858768832956273
6822.5 0.39299867424536855
6825.0 0.42462511853224694
6827.5 0.4226018829614487
6830.0 0.42729158762934843
6832.5 0.4225826773655084
6835.0 0.3742647550680015
6837.5 0.36548235040033633
6840.0 0.391502422960245
6842.5 0.41013431242858517
6845.0 0.40046601888170624
6847.5 0.428612526301944
6850.0 0.40654132723179465
6852.5 0.3853620495089318
6855.0 0.4021572500331367
6857.5 0.4219621889154051
6860.0 0.41372089571570636
6862.5 0.4207412794049652
6865.0 0.357795649538793
6867.5 0.3015622828604687
6870.0 0.2735054015546188
6872.5 0.2949133304918016
6875.0 0.32306279260204707
6877.5 0.3433618138664932
6880.0 0.352416821056202
6882.5 0.34486314356526526
6885.0 0.3158737444304007
6887.5 0.3159615238690782
6890.0 0.3019372536169641
6892.5 0.2936206154006862
6895.0 0.2999305151725694
6897.5 0.32555804261838517
6900.0 0.3322467604137012
6902.5 0.3202863529972167
6905.0 0.323322283606786
6907.5 0.3312170450688373
6910.0 0.3373379667037392
6912.5 0.33096398671251515
6915.0 0.3809265112116516
6917.5 0.3508531962919486
6920.0 0.37139379563375513
6922.5 0.34511623266033475
6925.0 0.36228877388514663
6927.5 0.3726957133646747
6930.0 0.335873170738034
6932.5 0.3552548785869515
6935.0 0.33867651047267966
6937.5 0.29500240259904065
6940.0 0.3433162929309898
6942.5 0.32253525430922375
6945.0 0.32791857645956723
6947.5 0.32102318303725885
6950.0 0.3259419698385699
6952.5 0.31858071765992013
6955.0 0.34936559368383663
6957.5 0.3487873944756547
6960.0 0.3263144476072521
6962.5 0.3508960087579153
6965.0 0.3784669947007606
6967.5 0.3542247938892031
6970.0 0.3986299455552824
6972.5 0.35489261921177284
6975.0 0.3449882569202732
6977.5 0.37225007586926084
6980.0 0.33832003738945904
6982.5 0.34048020516400807
6985.0 0.33887022845352827
6987.5 0.3026523542901496
6990.0 0.3288796256567398
6992.5 0.3520928497404903
6995.0 0.36228246436914335
6997.5 0.31606881664601766
7000.0 0.29496974691601474
7002.5 0.32750347087918247
7005.0 0.3024460172329384
7007.5 0.30303440405152055
7010.0 0.2985111786205169
7012.5 0.35617542369606225
7015.0 0.3075497502056728
7017.5 0.33758486937086285
7020.0 0.32134441510033046
7022.5 0.35536149426868474
7025.0 0.3637183596138061
7027.5 0.342743972364076
7030.0 0.3744778633434106
7032.5 0.355883738710492
7035.0 0.35355370608994785
7037.5 0.322818752275621
7040.0 0.30407787727014784
7042.5 0.3266617795281632
7045.0 0.374603838492245
7047.5 0.3636256864601004
7050.0 0.30255435650232454
7052.5 0.2875894430125856
7055.0 0.34744681933238364
7057.5 0.33499279119155995
7060.0 0.3132198943653057
7062.5 0.34900684300581436
7065.0 0.3049058107474037
7067.5 0.3369865412510636
7070.0 0.343958603141616
7072.5 0.33676549222130847
7075.0 0.3134052098896136
7077.5 0.3247249383781708
7080.0 0.31938178179046406
7082.5 0.36152452049124384
7085.0 0.31985841294745776
7087.5 0.26893514703782645
7090.0 0.32767902975653745
7092.5 0.3039520867755777
7095.0 0.33379567320541065
7097.5 0.34408559395543764
7100.0 0.3016635739080826
7102.5 0.34595441531419757
7105.0 0.3320058594759031
7107.5 0.31487237579943056
7110.0 0.33343064379448845
7112.5 0.2782353025682586
7115.0 0.298585446405902
7117.5 0.2969523552663377
7120.0 0.2874220404156563
7122.5 0.25613294052946084
7125.0 0.3093901940674356
7127.5 0.2914189278730881
7130.0 0.279402411774712
7132.5 0.1155162294677632
7135.0 -1.055662794405387e-09
7137.5 -1.0554857631730844e-09
7140.0 -1.055310336742915e-09
7142.5 -1.0551330757462385e-09
7145.0 -1.054957649316069e-09
7147.5 -1.0547826819710865e-09
7150.0 -1.05460542097441e-09
7152.5 -1.0544299945442406e-09
7155.0 -1.0542545685576316e-09
7157.5 -1.0540796007690888e-09
7160.0 -1.053904174338919e-09
7162.5 -1.0537292065503763e-09
7165.0 -1.053553780563767e-09
7167.5 -1.0533765195670906e-09
7170.0 -1.0532013224577345e-09
7172.5 -1.0530263551127524e-09
7175.0 -1.052848635474449e-09
7177.5 -1.052673667685906e-09
7180.0 -1.0524982412557365e-09
7182.5 -1.0523228152691277e-09
7185.0 -1.0521480768013979e-09
7187.5 -1.0519726503712284e-09
7190.0 -1.051794931176486e-09
7192.5 -1.0516222565960766e-09
7195.0 -1.0514447662785868e-09
7197.5 -1.0512697984900438e-09
7200.0 -1.051094372503435e-09
7202.5 -1.0509191753940786e-09
7205.0 -1.0507442076055356e-09
7207.5 -1.0505687811753661e-09
7210.0 -1.0503935845095705e-09
7212.5 -1.0502204512875344e-09
7215.0 -1.050043190290858e-09
7217.5 -1.0498700570688219e-09
7220.0 -1.0496925671948928e-09
7222.5 -1.0495178287271634e-09
7225.0 -1.0493424022969937e-09
7227.5 -1.0491669758668241e-09
7230.0 -1.048994072409162e-09
7232.5 -1.0488191046206191e-09
7235.0 -1.0486436781904496e-09
7237.5 -1.0484684810810933e-09
7240.0 -1.0482932844152976e-09
7242.5 -1.048117857985128e-09
7245.0 -1.0479431195173985e-09
7247.5 -1.0477699862953624e-09
7250.0 -1.0475947896295667e-09
7252.5 -1.0474193631993972e-09
7255.0 -1.0472464592981745e-09
7257.5 -1.0470712621888183e-09
7260.0 -1.0468962944002754e-09
7262.5 -1.0467210977344797e-09
7265.0 -1.0465456713043102e-09
7267.5 -1.0463727674030873e-09
7270.0 -1.0461975702937311e-09
7272.5 -1.046022144307122e-09
7275.0 -1.045846947197766e-09
7277.5 -1.0456763365046766e-09
7280.0 -1.045498846187187e-09
7282.5 -1.045325712965151e-09
7285.0 -1.0451505162993553e-09
7287.5 -1.0449776123981324e-09
7290.0 -1.0448044791760965e-09
7292.5 -1.0446315752748738e-09
7295.0 -1.044454084957384e-09
7297.5 -1.0442811814997218e-09
