3700.0 0.058396121182387226
3702.300231 0.07370250806123811
3704.600462 0.04535806181772085
3706.900694 0.025688192095106716
3709.200925 0.07044914455334028
3711.501156 0.09174401329435869
3713.801387 0.07856505287342053
3716.101619 0.07155862818911106
3718.40185 0.07530746382959948
3720.702081 0.10525963300659597
3723.002312 0.10823579387910555
3725.302544 0.0909397030981405
3727.602775 0.09616059579308635
3729.903006 0.08030627282677509
3732.203237 0.0708770828994057
3734.503469 0.10380784356692072
3736.8037 0.11220413302286239
3739.103931 0.105411041811491
3741.404162 0.11602285827963849
3743.704393 0.13126750746106244
3746.004625 0.13694505718870237
3748.304856 0.1554256442166062
3750.605087 0.14876044090662802
3752.905318 0.1438999527712224
3755.20555 0.1428245351816999
3757.505781 0.1450841872592987
3759.806012 0.15120328679385403
3762.106243 0.12639385659428537
3764.406475 0.11787072627240049
3766.706706 0.141936723908344
3769.006937 0.16405422596595565
3771.307168 0.1589253228141172
3773.6074 0.1320441834002252
3775.907631 0.14274810159384974
3778.207862 0.14489112140114285
3780.508093 0.14019995385565195
3782.808324 0.13862670830377638
3785.108556 0.1094916007190142
3787.408787 0.09447423301848729
3789.709018 0.0877308385968678
3792.009249 0.07873377515736381
3794.309481 0.08568739933969458
3796.609712 0.10770528345306309
3798.909943 0.13467916029252675
3801.210174 0.15412642279964564
3803.510406 0.13803431060381413
3805.810637 0.12417021505734202
3808.110868 0.10763184139507002
3810.411099 0.1346637165196392
3812.711331 0.1509990026987339
3815.011562 0.13673942690514646
3817.311793 0.09856021407387658
3819.612024 0.09597126934725192
3821.912255 0.07352148311075729
3824.212487 0.06460945390744281
3826.512718 0.07863842014316715
3828.812949 0.08491565942479612
3831.11318 0.08928908910533438
3833.413412 0.08336316761130455
3835.713643 0.10088754951449341
3838.013874 0.09126319965806813
3840.314105 0.05885476010361164
3842.614337 0.06688604552285772
3844.914568 0.07934973115495116
3847.214799 0.06341344027055397
3849.51503 0.06575117127742439
3851.815262 0.07911945814419698
3854.115493 0.07680143384026053
3856.415724 0.06574836671818331
3858.715955 0.0579624241413468
3861.016186 0.0542521044477692
3863.316418 0.04099461636808083
3865.616649 0.0518897307137005
3867.91688 0.0687476745529626
3870.217111 0.081031344875902
3872.517343 0.09645705640192999
3874.817574 0.07913490191708451
3877.117805 0.0810963358620486
3879.418036 0.09416816211997754
3881.718268 0.08408883796640287
3884.018499 0.07690292149066438
3886.31873 0.06991007087308172
3888.618961 0.09499303908396364
3890.919193 0.08864030106756482
3893.219424 0.08901203604643902
3895.519655 0.10858546632528325
3897.819886 0.12172467679324453
3900.120117 0.12827822125130459
3902.420349 0.11845706612440203
3904.72058 0.1230850376016606
3907.020811 0.18587537959709327
3909.321042 0.16472354337736989
3911.621274 0.16652788461071036
3913.921505 0.15789661048448947
3916.221736 0.1732778977921388
3918.521967 0.19474608829425585
3920.822199 0.18919014425530914
3923.12243 0.16936340618581067
3925.422661 0.21917664123741643
3927.722892 0.22717258921022493
3930.023124 0.23011812429582193
3932.323355 0.2520042689131062
3934.623586 0.25914561159397315
3936.923817 0.2842548678734747
3939.224048 0.32477940271862754
3941.52428 0.36564459802626337
3943.824511 0.3560511357156132
3946.124742 0.321087219174809
3948.424973 0.3489860770461036
3950.725205 0.3781256345315283
3953.025436 0.37885369811051234
3955.325667 0.4081194607617856
3957.625898 0.3827213722745761
3959.92613 0.3744396958062865
3962.226361 0.3809866588986608
3964.526592 0.3791300406810667
3966.826823 0.3717259668904955
3969.127055 0.3740036803296068
3971.427286 0.39038492388613194
3973.727517 0.4030577922434866
3976.027748 0.3896834101346301
3978.327979 0.40369424022059547
3980.628211 0.4220786869577151
3982.928442 0.40306639289182594
3985.228673 0.37643542016223813
3987.528904 0.3714679848344394
3989.829136 0.37074564255630715
3992.129367 0.3784087080442612
3994.429598 0.3885088607244663
3996.729829 0.3754515807804677
3999.030061 0.4244861206102572
4001.330292 0.44561566993254476
4003.630523 0.3908949797267761
4005.930754 0.3741689623542144
4008.230986 0.382705666742826
4010.531217 0.3799792612192653
4012.831448 0.4098829676125759
4015.131679 0.4039571209067926
4017.43191 0.38871191081352036
4019.732142 0.3780744045827246
4022.032373 0.37237213733964003
4024.332604 0.39365840543231906
4026.632835 0.35454452649130574
4028.933067 0.3448417985526231
4031.233298 0.3818336357894666
4033.533529 0.38985168368909484
4035.83376 0.37680711774698916
4038.133992 0.3674376088402699
4040.434223 0.42774501844839075
4042.734454 0.4451246850947399
4045.034685 0.41848810324667
4047.334917 0.43647205892416363
4049.635148 0.4364421436255921
4051.935379 0.4295818177806812
4054.23561 0.4259108367047252
4056.535841 0.4309295019813277
4058.836073 0.43539922152914295
4061.136304 0.4313139135679715
4063.436535 0.4074837606671411
4065.736766 0.41028719808452346
4068.036998 0.43742411330120184
4070.337229 0.4791593202795435
4072.63746 0.48863274745467555
4074.937691 0.4853760932639348
4077.237923 0.5087848143961392
4079.538154 0.48430811710493205
4081.838385 0.49254566850782866
4084.138616 0.5087548990975677
4086.438848 0.4957215513924263
4088.739079 0.479553080396991
4091.03931 0.4715944891532737
4093.339541 0.49869887148275555
4095.639772 0.5001202221061343
4097.940004 0.5079527951546191
4100.240235 0.5282125571709402
4102.540466 0.5068549036970448
4104.840697 0.4674960932489772
4107.140929 0.4351254965472136
4109.44116 0.4285160852690713
4111.741391 0.4135913428117464
4114.041622 0.3668290942732022
4116.341854 0.32611807493557926
4118.642085 0.35382973782606275
4120.942316 0.3952495253750911
4123.242547 0.38418909161074066
4125.542779 0.35239436440647864
4127.84301 0.32399894997302014
4130.143241 0.3106489862266226
4132.443472 0.31185812520075973
4134.743703 0.32601404448479687
4137.043935 0.34610082128712816
4139.344166 0.30857809968301003
4141.644397 0.28591699925623093
4143.944628 0.3176115849985248
4146.24486 0.3509985539692553
4148.545091 0.38866853363059173
4150.845322 0.37081149360728766
4153.145553 0.331070851767078
4155.445785 0.33669829336961066
4157.746016 0.3445321378182848
4160.046247 0.334277323044465
4162.346478 0.30418328056399313
4164.64671 0.2657427575997011
4166.946941 0.2597695699339283
4169.247172 0.25932835667412185
4171.547403 0.2632151766292713
4173.847634 0.23924756293150481
4176.147866 0.26925432752839434
4178.448097 0.28825820791656026
4180.748328 0.24654693317707577
4183.048559 0.24172006235843987
4185.348791 0.24856442091273823
4187.649022 0.26505418221483146
4189.949253 0.26753214118375584
4192.249484 0.2554272895580276
4194.549716 0.2709098027572183
4196.849947 0.26634334461264736
4199.150178 0.2742868660247093
4201.450409 0.2661102670426521
4203.750641 0.2876144680854247
4206.050872 0.3064932651314385
4208.351103 0.31335953664194044
4210.651334 0.3066509935431568
4212.951565 0.3221471182031974
4215.251797 0.300057213008518
4217.552028 0.27938346065409053
4219.852259 0.2834157063544208
4222.15249 0.2801752812131551
4224.452722 0.25494172686808886
4226.752953 0.25859924605968776
4229.053184 0.24301206670962008
4231.353415 0.23794258281956926
4233.653647 0.23260999387858203
4235.953878 0.21761954994676946
4238.254109 0.22230428570306748
4240.55434 0.19970316544992422
4242.854572 0.18861805156425226
4245.154803 0.194102834586722
4247.455034 0.19038473691551586
4249.755265 0.18272821539912432
4252.055496 0.17822973977055714
4254.355728 0.18816087101383322
4256.655959 0.19553742272971864
4258.95619 0.20935432689269423
4261.256421 0.2091866890383241
4263.556653 0.17157672694474682
4265.856884 0.16019002945535088
4268.157115 0.1811407974745505
4270.457346 0.20324947451908354
4272.757578 0.21223943307517676
4275.057809 0.1988820652923828
4277.35804 0.18056414270046148
4279.658271 0.20035423452920986
4281.958503 0.21111656234329526
4284.258734 0.21129478273453503
4286.558965 0.21006552572210857
4288.859196 0.18855930539668248
4291.159427 0.21328257953636523
4293.459659 0.23593246172618004
4295.75989 0.22821229541207763
4298.060121 0.22897528510214393
4300.360352 0.25321983967643613
4302.660584 0.27435047342829694
4304.960815 0.26633676324696165
4307.261046 0.2529129835013389
4309.561277 0.25952684468014375
4311.861509 0.2836429504411946
4314.16174 0.28055270009875793
4316.461971 0.26674989352023415
4318.762202 0.27799759705364224
4321.062434 0.26205973561607004
4323.362665 0.25124453251175954
4325.662896 0.24429767666573057
4327.963127 0.2272151811165661
4330.263358 0.24707385376728966
4332.56359 0.25733050085314696
4334.863821 0.23896785488986122
4337.164052 0.23825276707163257
4339.464283 0.25702353249568005
4341.764515 0.24141971276078195
4344.064746 0.22852057256385702
4346.364977 0.23854773191554762
4348.665208 0.23798652091434616
4350.96544 0.2326970100033019
4353.265671 0.2255794873789225
4355.565902 0.22707577582522287
4357.866133 0.24330620888282442
4360.166365 0.24000513047370503
4362.466596 0.2305683869334463
4364.766827 0.23346220594663783
4367.067058 0.24851730431748809
4369.367289 0.26776469523602614
4371.667521 0.26257566233405893
4373.967752 0.2625902460421125
4376.267983 0.26662395011324813
4378.568214 0.2820617773351976
4380.868446 0.30127551354284265
4383.168677 0.3076051793852182
4385.468908 0.30005672688491625
4387.769139 0.2924582410477534
4390.069371 0.2965033503264694
4392.369602 0.28540641989786175
4394.669833 0.2751562046011973
4396.970064 0.270755738969575
4399.270296 0.292775455394981
4401.570527 0.2796239422604822
4403.870758 0.287174451437561
4406.170989 0.3056451290228131
4408.47122 0.2815481316587248
4410.771452 0.28237596275844484
4413.071683 0.2898843661527842
4415.371914 0.29792084935515706
4417.672145 0.2990743832680744
4419.972377 0.31500700952839655
4422.272608 0.33554146877385044
4424.572839 0.32747794962039356
4426.87307 0.31778539288322527
4429.173302 0.3124828688173024
4431.473533 0.30983375694642584
4433.773764 0.30437683254575076
4436.073995 0.30046424803970656
4438.374227 0.27415490216388577
4440.674458 0.25558871998794414
4442.974689 0.2691308147394172
4445.27492 0.24453651293070086
4447.575151 0.22860930881824476
4449.875383 0.24539089385790308
4452.175614 0.26126548443899655
4454.475845 0.2528570792871334
4456.776076 0.24982647257122365
4459.076308 0.22804847175827545
4461.376539 0.2473788402362262
4463.67677 0.24144203705234094
4465.977001 0.23719746752039944
4468.277233 0.24058025208874223
4470.577464 0.21522382065479354
4472.877695 0.18641598643640364
4475.177926 0.20818882686034829
4477.478158 0.22963959170104747
4479.778389 0.21230255435516268
4482.07862 0.20328686864229792
4484.378851 0.18803391796552038
4486.679082 0.18898354172454968
4488.979314 0.21717369981568438
4491.279545 0.20723460362416363
4493.579776 0.18935939005697744
4495.880007 0.19897143724686517
4498.180239 0.1977912039299728
4500.48047 0.20409622704515007
4502.780701 0.18244850735748072
4505.080932 0.1850327778187036
4507.381164 0.19459707271324655
4509.681395 0.19931527620982142
4511.981626 0.21007349067035325
4514.281857 0.22477214825872396
4516.582089 0.22625396517934035
4518.88232 0.23390229738274793
4521.182551 0.24341409092829788
4523.482782 0.22778955484913901
4525.783013 0.2477148638274306
4528.083245 0.2642147215427918
4530.383476 0.2710843211302598
4532.683707 0.28260328163346504
4534.983938 0.29304211288762283
4537.28417 0.3215699773055066
4539.584401 0.3623151374776243
4541.884632 0.36790118378575865
4544.184863 0.37458553288682256
4546.485095 0.41066226114036375
4548.785326 0.42414059891175626
4551.085557 0.4427752123331802
4553.385788 0.48335830637528665
4555.68602 0.48184646197372916
4557.986251 0.47567904923198084
4560.286482 0.4798690607381525
4562.586713 0.47717630992548477
4564.886944 0.48160601776146067
4567.187176 0.4850769402782198
4569.487407 0.46458533469796953
4571.787638 0.4550853576953553
4574.087869 0.46133354174324676
4576.388101 0.4568039915982884
4578.688332 0.47099281771075424
4580.988563 0.4879140324064951
4583.288794 0.4711644567363083
4585.589026 0.47930366159515103
4587.889257 0.5062708074924361
4590.189488 0.5096213209324449
4592.489719 0.5098251189039633
4594.789951 0.5226284927513362
4597.090182 0.539627861164595
4599.390413 0.5515150789932156
4601.690644 0.5445653811938224
4603.990875 0.5389663591249326
4606.291107 0.5392318573997548
4608.591338 0.5308181796765183
4610.891569 0.5270791412963122
4613.1918 0.5291496538986926
4615.492032 0.5291320786607818
4617.792263 0.5260466895543631
4620.092494 0.511727357951879
4622.392725 0.5094137835486051
4624.692957 0.5234717302298205
4626.993188 0.5407227610923123
4629.293419 0.5483448052271002
4631.59365 0.5649687366432866
4633.893882 0.5721573828900198
4636.194113 0.5684546168093315
4638.494344 0.5711406366798207
4640.794575 0.58149619122158
4643.094806 0.5712434705186603
4645.395038 0.5713564007707677
4647.695269 0.5851649286501432
4649.9955 0.571120443853285
4652.295731 0.5430337179069612
4654.595963 0.5353911070044055
4656.896194 0.5365226531728726
4659.196425 0.5484016442943861
4661.496656 0.5403888315720078
4663.796888 0.5253380709194505
4666.097119 0.5163821784096055
4668.39735 0.527003231226187
4670.697581 0.5261076419752024
4672.997813 0.5236601966108211
4675.298044 0.5386619709619677
4677.598275 0.5327802493215772
4679.898506 0.5232331557237128
4682.198737 0.51944587892456
4684.498969 0.5256196486672547
4686.7992 0.5475296133410266
4689.099431 0.5425446027753171
4691.399662 0.5164767855413379
4693.699894 0.5149234336630124
4696.000125 0.511301064947235
4698.300356 0.5239862733652505
4700.600587 0.5314306954147701
4702.900819 0.521143572118493
4705.20105 0.5185521593797362
4707.501281 0.5126468794417207
4709.801512 0.49080347630727056
4712.101744 0.48227051133098026
4714.401975 0.4786687093829708
4716.702206 0.4775809143386644
4719.002437 0.47343390607418917
4721.302668 0.46222352187574905
4723.6029 0.4524939449565985
4725.903131 0.4515000091615602
4728.203362 0.42937914163285923
4730.503593 0.44175323094573105
4732.803825 0.4249789751542228
4735.104056 0.40256306799336034
4737.404287 0.40591021596227983
4739.704518 0.4057468036438329
4742.00475 0.42229931228468
4744.304981 0.4060949429309589
4746.605212 0.3837811217264717
4748.905443 0.36743095268633774
4751.205675 0.3602831034280315
4753.505906 0.34902257371036083
4755.806137 0.3417029732441309
4758.106368 0.3383313695186292
4760.406599 0.3143080011831501
4762.706831 0.31403199515970476
4765.007062 0.314774231111387
4767.307293 0.3096470106950932
4769.607524 0.2896429496933121
4771.907756 0.28482770844699595
4774.207987 0.28009884762530496
4776.508218 0.2759354233407386
4778.808449 0.2746734090763764
4781.108681 0.265948200912641
4783.408912 0.25227683467721584
4785.709143 0.24625137002718928
4788.009374 0.26092179505253316
4790.309606 0.24889954704498551
4792.609837 0.22858096407284825
4794.910068 0.23725232469915494
4797.210299 0.24791507196312043
4799.51053 0.2435739508050394
4801.810762 0.2560095160564756
4804.110993 0.2612800681470502
4806.411224 0.28222504007715155
4808.711455 0.32467122152016836
4811.011687 0.33044091036740847
4813.311918 0.3378292786262297
4815.612149 0.35786467590326443
4817.91238 0.3884609962467519
4820.212612 0.4080637435181962
4822.512843 0.42457661438843597
4824.813074 0.43283996773635053
4827.113305 0.4266523621680664
4829.413537 0.45250329348740215
4831.713768 0.47011742128630546
4834.013999 0.45178308267429307
4836.31423 0.46894137611121317
4838.614461 0.4949392663347814
4840.914693 0.48544041115586356
4843.214924 0.4914189835753793
4845.515155 0.48790505781692367
4847.815386 0.47384449354708313
4850.115618 0.4695957732674649
4852.415849 0.4624901419742676
4854.71608 0.43829352666593624
4857.016311 0.4339023347768712
4859.316543 0.4493767708454475
4861.616774 0.4427381921511979
4863.917005 0.42477629900640074
4866.217236 0.4217963613274465
4868.517468 0.4346105794705516
4870.817699 0.4432949906458601
4873.11793 0.4578674804625055
4875.418161 0.4674242965324056
4877.718392 0.4791884876956507
4880.018624 0.5107696944563587
4882.318855 0.548762871524637
4884.619086 0.5591685341915035
4886.919317 0.5739137848573994
4889.219549 0.5858010026860199
4891.51978 0.6068135084026465
4893.820011 0.6161093134925102
4896.120242 0.6298127638856533
4898.420474 0.6384844610590689
4900.720705 0.6416996077730416
4903.020936 0.6518771662883005
4905.321167 0.6604176100892336
4907.621399 0.677891135984851
4909.92163 0.669808770193294
4912.221861 0.6768482138884018
4914.522092 0.6716691278232096
4916.822323 0.6681851173633254
4919.122555 0.6602283958257689
4921.422786 0.6467863303538943
4923.723017 0.6530696648776072
4926.023248 0.6548743052639334
4928.32348 0.6114507536224622
4930.623711 0.5912339948478378
4932.923942 0.5781598875483926
4935.224173 0.560719268481204
4937.524405 0.5390475043723079
4939.824636 0.5181636344395388
4942.124867 0.5007323639031537
4944.425098 0.46605268009290196
4946.72533 0.4529093936655103
4949.025561 0.44502035549097174
4951.325792 0.41795561093209715
4953.626023 0.3971087611813103
4955.926254 0.39607892702798614
4958.226486 0.39856787986913556
4960.526717 0.3910426865134729
4962.826948 0.38832600346194796
4965.127179 0.4158697667391988
4967.427411 0.42115467817308766
4969.727642 0.4336521680925669
4972.027873 0.4390339303055811
4974.328104 0.45359445400279785
4976.628336 0.4757830048945168
4978.928567 0.49468610812061997
4981.228798 0.5108212983463944
4983.529029 0.5408117591055626
4985.829261 0.5592990396815217
4988.129492 0.5761234035981374
4990.429723 0.5971018806626388
4992.729954 0.6144389180085237
4995.030185 0.6272280820890751
4997.330417 0.6352618355204532
4999.630648 0.651595214599264
5001.930879 0.6589117487473903
5004.23111 0.6731215155688562
5006.531342 0.6648607798095667
5008.831573 0.655627422905471
5011.131804 0.6735291115118931
5013.432035 0.6723523184543363
5015.732267 0.6857719474522823
5018.032498 0.6968555655730256
5020.332729 0.6861840306901048
5022.63296 0.6719507055710139
5024.933192 0.6750106666736468
5027.233423 0.6832470962528472
5029.533654 0.6802540706307678
5031.833885 0.6855991866030319
5034.134116 0.6679383161501105
5036.434348 0.6542733817038783
5038.734579 0.6683425466220579
5041.03481 0.6685332566504514
5043.335041 0.6545411236260932
5045.635273 0.6566460388218308
5047.935504 0.6557882176352929
5050.235735 0.6537779095712877
5052.535966 0.642540227662901
5054.836198 0.6293423458156163
5057.136429 0.613836872624772
5059.43666 0.5926987226541451
5061.736891 0.5736580090546131
5064.037123 0.564420912738196
5066.337354 0.5581858166334296
5068.637585 0.5479880652916349
5070.937816 0.5200898057263117
5073.238047 0.5025231684638906
5075.538279 0.48636105446940175
5077.83851 0.45981384457581415
5080.138741 0.4419577767997137
5082.438972 0.4335325068982809
5084.739204 0.4124440911115291
5087.039435 0.3763157589679521
5089.339666 0.3695749073467112
5091.639897 0.35372036001566065
5093.940129 0.32939009811096104
5096.24036 0.33252896081357647
5098.540591 0.32409116388086684
5100.840822 0.3190354410281589
5103.141054 0.30740097007834444
5105.441285 0.3057493838383348
5107.741516 0.3095681838833573
5110.041747 0.30795877821433343
5112.341978 0.3060655137559891
5114.64221 0.32042691374708937
5116.942441 0.31591149858070605
5119.242672 0.3132645555689759
5121.542903 0.32783042662581235
5123.843135 0.33727483596133
5126.143366 0.3351247860588726
5128.443597 0.33195686812251957
5130.743828 0.33768078656294537
5133.04406 0.3718106271854528
5135.344291 0.39554419106602046
5137.644522 0.4133864230165316
5139.944753 0.43047815491413
5142.244985 0.4452271449923473
5144.545216 0.45447620742819306
5146.845447 0.4779312972731832
5149.145678 0.48555857658522106
5151.445909 0.4966234976443572
5153.746141 0.5087885538084606
5156.046372 0.511433440143414
5158.346603 0.5087993981041927
5160.646834 0.5172011097080006
5162.947066 0.5283853180201906
5165.247297 0.5154013305576922
5167.547528 0.509018527666229
5169.847759 0.507890346968851
5172.147991 0.5148748213028337
5174.448222 0.5225667924480325
5176.748453 0.5137657116082951
5179.048684 0.5100446224072317
5181.348916 0.5269606019257226
5183.649147 0.5385374485316637
5185.949378 0.5369740002400702
5188.249609 0.5476627364196698
5190.54984 0.5533915160961134
5192.850072 0.5492037482373345
5195.150303 0.5370476666628026
5197.450534 0.5513595194406438
5199.750765 0.5585212419186626
5202.050997 0.5603729989002388
5204.351228 0.5484955035436542
5206.651459 0.5407968014562767
5208.95169 0.5498282300950147
5211.251922 0.5511086048738753
5213.552153 0.5502010495034622
5215.852384 0.5212086378928861
5218.152615 0.4980979479227004
5220.452847 0.5013766646461375
5222.753078 0.526618819639543
5225.053309 0.5349068531087792
5227.35354 0.5471811001126685
5229.653771 0.5454486303841461
5231.954003 0.5313237482223768
5234.254234 0.5475449449315445
5236.554465 0.5609645739294904
5238.854696 0.5622269995292081
5241.154928 0.5519750267087525
5243.455159 0.5458767930949507
5245.75539 0.5374044065982679
5248.055621 0.5383254238530382
5250.355853 0.5224228250736571
5252.656084 0.5093281510064441
5254.956315 0.5158294932684969
5257.256546 0.5018811113682996
5259.556778 0.5009522413476543
5261.857009 0.5136008035249197
5264.15724 0.52377686627525
5266.457471 0.5222792316405138
5268.757702 0.5274328897019203
5271.057934 0.5234623816990169
5273.358165 0.5350691436035295
5275.658396 0.5605704398708108
5277.958627 0.5717348292976973
5280.258859 0.571598714689197
5282.55909 0.5645248684007319
5284.859321 0.580973421379043
5287.159552 0.5900362610812809
5289.459784 0.6073646977788265
5291.760015 0.6357591773592046
5294.060246 0.6285884802916144
5296.360477 0.61960304642443
5298.660708 0.6387447241566411
5300.96094 0.6314861508994969
5303.261171 0.618445698310945
5305.561402 0.6339799649766642
5307.861633 0.6448769864225677
5310.161865 0.652078720612426
5312.462096 0.6578007693466911
5314.762327 0.6506270807492436
5317.062558 0.6566187411118843
5319.36279 0.6715939656355486
5321.663021 0.6865762950426237
5323.963252 0.68407612396451
5326.263483 0.6808796743121446
5328.563715 0.6886580258819684
5330.863946 0.6962890446063278
5333.164177 0.6948976092815206
5335.464408 0.6826611303420778
5337.764639 0.6940491366257862
5340.064871 0.709270040538969
5342.365102 0.7226859301245935
5344.665333 0.7104846016609722
5346.965564 0.6939590167888395
5349.265796 0.693622095738678
5351.566027 0.6771533499338311
5353.866258 0.6759114911018814
5356.166489 0.6744901404785026
5358.466721 0.6639180739633321
5360.766952 0.6713067787692623
5363.067183 0.6752361532366297
5365.367414 0.677038549975563
5367.667646 0.6940061333840896
5369.967877 0.6881206723313777
5372.268108 0.675541289282059
5374.568339 0.6824229297772021
5376.86857 0.6854649417006923
5379.168802 0.6756272957654521
5381.469033 0.682474533667238
5383.769264 0.6901294846304544
5386.069495 0.694948465289092
5388.369727 0.7047591874556179
5390.669958 0.7177181208555626
5392.970189 0.7131261225248362
5395.27042 0.7024770241158441
5397.570652 0.7035764113383469
5399.870883 0.7201461212758725
5402.171114 0.7315277705586345
5404.471345 0.7289928229459315
5406.771577 0.7234667194173099
5409.071808 0.7082697477429842
5411.372039 0.7045621204262781
5413.67227 0.7099218201065957
5415.972501 0.7072249559403743
5418.272733 0.7014692524952164
5420.572964 0.6931572867871231
5422.873195 0.695642126274719
5425.173426 0.7052707390611906
5427.473658 0.6973379497624912
5429.773889 0.6726967183291409
5432.07412 0.6718433844373887
5434.374351 0.6841120223227959
5436.674583 0.6699964886918303
5438.974814 0.6666104508347678
5441.275045 0.6563300584806694
5443.575276 0.6584607756214249
5445.875508 0.6592191284402126
5448.175739 0.6496365104252947
5450.47597 0.6340824248742717
5452.776201 0.6307042397830842
5455.076432 0.6236158097865655
5457.376664 0.6066960908557534
5459.676895 0.5891488985374036
5461.977126 0.5974698388350684
5464.277357 0.591947100777536
5466.577589 0.5809506109638821
5468.87782 0.5778394199124455
5471.178051 0.575347475541439
5473.478282 0.5774729575049445
5475.778514 0.5760759130616551
5478.078745 0.5757345047167077
5480.378976 0.5988564129238577
5482.679207 0.6179711668873543
5484.979439 0.6208852909094513
5487.27967 0.6295199679008846
5489.579901 0.6598836220097322
5491.880132 0.6620973541040238
5494.180363 0.6520951740266403
5496.480595 0.6488329107174174
5498.780826 0.6672543776365195
5501.081057 0.6832433568405256
5503.381288 0.6837343416783305
5505.68152 0.6852779710846203
5507.981751 0.6882313589360923
5510.281982 0.7012770467018945
5512.582213 0.6889717625757372
5514.882445 0.7036680269402221
5517.182676 0.7157687652123969
5519.482907 0.7099850161748281
5521.783138 0.7087124941618426
5524.08337 0.7009894858943758
5526.383601 0.698613837246566
5528.683832 0.696884732989133
5530.984063 0.7010986767341619
5533.284294 0.705664125237406
5535.584526 0.6989571152976741
5537.884757 0.7161299924426477
5540.184988 0.7116363406559751
5542.485219 0.7110425219793308
5544.785451 0.7051772537531548
5547.085682 0.6891318094230947
5549.385913 0.7077873635535187
5551.686144 0.6922904910110138
5553.986376 0.6851706499509951
5556.286607 0.6755640996972199
5558.586838 0.6737026202436078
5560.887069 0.6624170738575068
5563.187301 0.6563868975479552
5565.487532 0.6642718223689402
5567.787763 0.6525409119753558
5570.087994 0.6457684623199987
5572.388225 0.6470757608675736
5574.688457 0.6358541584321692
5576.988688 0.6201845250404138
5579.288919 0.6190570922255
5581.58915 0.6013371390579
5583.889382 0.5605539864565965
5586.189613 0.5569921962204265
5588.489844 0.5648752513352507
5590.790075 0.557467101585249
5593.090307 0.5430662507941577
5595.390538 0.540048545050757
5597.690769 0.5383515997392881
5599.991 0.5323790103794869
5602.291232 0.5279534158970645
5604.591463 0.5168009925896067
5606.891694 0.5204199958342948
5609.191925 0.5232978475568737
5611.492156 0.5333381696399357
5613.792388 0.541096328383224
5616.092619 0.5412896560002424
5618.39285 0.5496221884761034
5620.693081 0.5534509727520243
5622.993313 0.5437236394802666
5625.293544 0.5473321723704546
5627.593775 0.5502698546901766
5629.894006 0.55346069522406
5632.194238 0.5732032965163261
5634.494469 0.5684744356946352
5636.7947 0.5732167584006833
5639.094931 0.5716189075157326
5641.395163 0.5728431911097717
5643.695394 0.5722561033753057
5645.995625 0.580638370035042
5648.295856 0.5793370545471814
5650.596087 0.5862310351029852
5652.896319 0.5974129997677825
5655.19655 0.5881572063897582
5657.496781 0.6030651214916366
5659.797012 0.6049826921300703
5662.097244 0.5963233350173153
5664.397475 0.600063121279986
5666.697706 0.598641396715375
5668.997937 0.6017084627014188
5671.298169 0.612201627616607
5673.5984 0.6002859902543437
5675.898631 0.6017073408777224
5678.198862 0.6144449010682379
5680.499094 0.6022794709629025
5682.799325 0.5973299848142466
5685.099556 0.6002643016628794
5687.399787 0.6044105620448902
5689.700018 0.6043279210325864
5692.00025 0.5868525254308085
5694.300481 0.5798710426266829
5696.600712 0.5867242635881831
5698.900943 0.5876277056050425
5701.201175 0.6010114362447028
5703.501406 0.5932121439658786
5705.801637 0.578654611798519
5708.101868 0.5733625954812194
5710.4021 0.5745128387112938
5712.702331 0.5732956600006657
5715.002562 0.5710931461433384
5717.302793 0.5717034182341971
5719.603025 0.5639026301904446
5721.903256 0.5758429476740295
5724.203487 0.569389095948459
5726.503718 0.5505585373213917
5728.803949 0.5582815455888583
5731.104181 0.5527333795275402
5733.404412 0.5356618404564776
5735.704643 0.5350452113646724
5738.004874 0.5414396064343321
5740.305106 0.5451902369927347
5742.605337 0.5326302988874875
5744.905568 0.5223850570092106
5747.205799 0.5218151705714233
5749.506031 0.5040428656313232
5751.806262 0.4918348062255232
5754.106493 0.4947429471879059
5756.406724 0.4988174108533451
5758.706956 0.48448237371911107
5761.007187 0.4859123249908291
5763.307418 0.4940115181378325
5765.607649 0.4774904205604856
5767.90788 0.4649215078656668
5770.208112 0.4565990718030736
5772.508343 0.4530170887403678
5774.808574 0.45825263993161364
5777.108805 0.44931170507105445
5779.409037 0.4365318895213066
5781.709268 0.43879572974070546
5784.009499 0.44021633248161984
5786.30973 0.42277683523812765
5788.609962 0.40482690821275913
5790.910193 0.40006738421003235
5793.210424 0.4021622029925021
5795.510655 0.3910696102821873
5797.810887 0.3788480889920302
5800.111118 0.36771899961745813
5802.411349 0.36161328717901353
5804.71158 0.3605830042962108
5807.011811 0.3710320441460061
5809.312043 0.3612988399969038
5811.612274 0.35433605425438547
5813.912505 0.35161065837215155
5816.212736 0.3336353407371205
5818.512968 0.32163964255705507
5820.813199 0.33191083595684273
5823.11343 0.3242746194493566
5825.413661 0.3185782230836166
5827.713893 0.33946422448140895
5830.014124 0.33930485072826927
5832.314355 0.34896259353672493
5834.614586 0.3851658261091004
5836.914818 0.4038782193068102
5839.215049 0.41251925329919004
5841.51528 0.43012814592084336
5843.815511 0.45223031638793715
5846.115742 0.4711521166756475
5848.415974 0.47466342484547813
5850.716205 0.48057020054842225
5853.016436 0.5066354001937764
5855.316667 0.5222089306888709
5857.616899 0.5378325693090725
5859.91713 0.5524424532489323
5862.217361 0.5788430781795194
5864.517592 0.5936720916814155
5866.817824 0.5893358691534757
5869.118055 0.6010065750086848
5871.418286 0.6078855979152029
5873.718517 0.600957588707274
5876.018749 0.591562689190892
5878.31898 0.6141165806664156
5880.619211 0.6273754149345397
5882.919442 0.622579244691063
5885.219673 0.6218523029357752
5887.519905 0.6162106515664211
5889.820136 0.6151179952860969
5892.120367 0.6067488165694856
5894.420598 0.6266335155299664
5896.72083 0.6426613846221156
5899.021061 0.6441679938464232
5901.321292 0.6456121548849626
5903.621523 0.6255580605463207
5905.921755 0.633329681173966
5908.221986 0.6274943282463614
5910.522217 0.6119174322801777
5912.822448 0.613376550968003
5915.12268 0.6241120298016204
5917.422911 0.6296908590439744
5919.723142 0.6295143587824026
5922.023373 0.6386478733775158
5924.323604 0.6334456029559307
5926.623836 0.6322762887230169
5928.924067 0.632068377397945
5931.224298 0.6342637863718613
5933.524529 0.6311810148540676
5935.824761 0.622226244167919
5938.124992 0.6242343085845315
5940.425223 0.6155095117561514
5942.725454 0.5941357788092739
5945.025686 0.5907531064233007
5947.325917 0.6060846969411982
5949.626148 0.6223698376010623
5951.926379 0.6144531277753451
5954.226611 0.6009845124759884
5956.526842 0.6063457079212345
5958.827073 0.6030995240849939
5961.127304 0.5844166722446235
5963.427535 0.5939349723676126
5965.727767 0.6017484744132582
5968.027998 0.5954857066573132
5970.328229 0.5890771018208321
5972.62846 0.5904722765579608
5974.928692 0.5772029719353367
5977.228923 0.5622307389415295
5979.529154 0.5766308418501566
5981.829385 0.5992763489275552
5984.129617 0.5964269167386191
5986.429848 0.5810519490377932
5988.730079 0.5820634600707422
5991.03031 0.5907751689559972
5993.330542 0.5780118068204637
5995.630773 0.5687189932604573
5997.931004 0.5726689344955926
6000.231235 0.5649380734622509
6002.531466 0.5650674571285726
6004.831698 0.5668743411622916
6007.131929 0.566147399407004
6009.43216 0.5638996386605873
6011.732391 0.5708871045244271
6014.032623 0.5687926596831895
6016.332854 0.571180274450428
6018.633085 0.558244151465644
6020.933316 0.550733541818035
6023.233548 0.5586472601138951
6025.533779 0.5619009227747785
6027.83401 0.5575934937217137
6030.134241 0.5479955441162778
6032.434473 0.5475797214661339
6034.734704 0.5491760765861559
6037.034935 0.5498177597405147
6039.335166 0.5505716252645168
6041.635397 0.557061375348373
6043.935629 0.5426698730880852
6046.23586 0.5375367817944469
6048.536091 0.5482023336176534
6050.836322 0.5390437649599864
6053.136554 0.5384686433449493
6055.436785 0.5361169269359966
6057.737016 0.5420121104607442
6060.037247 0.5451629392827883
6062.337479 0.5360709321644429
6064.63771 0.5428792801780857
6066.937941 0.531004402410126
6069.238172 0.5267339935390434
6071.538404 0.5301989329960882
6073.838635 0.5298549070625159
6076.138866 0.5236560832572674
6078.439097 0.5326415171244517
6080.739328 0.5055977132745773
6083.03956 0.5009933748831902
6085.339791 0.509754070069856
6087.640022 0.5177399590235198
6089.940253 0.5241137873254116
6092.240485 0.5126334175573635
6094.540716 0.5253032943848611
6096.840947 0.5340127596227233
6099.141178 0.5260395846709524
6101.44141 0.528339323248637
6103.741641 0.5433956930196764
6106.041872 0.5404067807511508
6108.342103 0.5459388673394867
6110.642335 0.5412387999926708
6112.942566 0.54203230328728
6115.242797 0.5368064745680698
6117.543028 0.5470928499818826
6119.843259 0.5504616865422665
6122.143491 0.5498042978561576
6124.443722 0.558865267852235
6126.743953 0.5621316445150113
6129.044184 0.5579393893614468
6131.344416 0.563984149379052
6133.644647 0.5708414836941056
6135.944878 0.5723929658662704
6138.245109 0.5617236746307425
6140.545341 0.5593117536834147
6142.845572 0.5527180479370224
6145.145803 0.5550626594625642
6147.446034 0.5534775225795066
6149.746266 0.5374287127783572
6152.046497 0.5332903051622213
6154.346728 0.5370196210703919
6156.646959 0.5329152421063811
6158.94719 0.5212927746701184
6161.247422 0.5248504515527349
6163.547653 0.5112591835292349
6165.847884 0.5055277862641663
6168.148115 0.505168054798844
6170.448347 0.4977165278659137
6172.748578 0.4875763634738692
6175.048809 0.4893181817331952
6177.34904 0.4840646813628064
6179.649272 0.4796491832936519
6181.949503 0.48485743677495136
6184.249734 0.48107464727058424
6186.549965 0.487378174620833
6188.850197 0.5033417258210534
6191.150428 0.5100876256489283
6193.450659 0.5136950367154199
6195.75089 0.5125593771933991
6198.051121 0.5179273035808238
6200.351353 0.5168230551223031
6202.651584 0.5221633098585493
6204.951815 0.5203164141129908
6207.252046 0.5207625260029385
6209.552278 0.5324732435699872
6211.852509 0.5335722568512578
6214.15274 0.5447658136942515
6216.452971 0.5433182871846226
6218.753203 0.5401259508858107
6221.053434 0.5394206977219874
6223.353665 0.5380935802891089
6225.653896 0.5333606061138645
6227.954128 0.5277862641662961
6230.254359 0.5372260366305353
6232.55459 0.5497814874409968
6234.854821 0.5513124028453936
6237.155052 0.5395063302641484
6239.455284 0.5278790015918678
6241.755515 0.5261472797458097
6244.055746 0.5322118586487186
6246.355977 0.5368764015784807
6248.656209 0.5269041367996689
6250.95644 0.5296245592635153
6253.256671 0.5218245191022269
6255.556902 0.5239907606600361
6257.857134 0.5267478293646327
6260.157365 0.5288299341452096
6262.457596 0.5300706711534628
6264.757827 0.5282533167652438
6267.058059 0.5074367562542607
6269.35829 0.4985534083434516
6271.658521 0.4757586987144275
6273.958752 0.45530037390383804
6276.258983 0.4366451937146462
6278.559215 0.4267409862400845
6280.859446 0.42128368789817733
6283.159677 0.4216381841862497
6285.459908 0.41775779602029306
6287.76014 0.40305068736007593
6290.060371 0.39998810866881784
6292.360602 0.4026860946587356
6294.660833 0.40214051440103776
6296.961065 0.39771155444752615
6299.261296 0.3910871855200981
6301.561527 0.3894848473403617
6303.861758 0.37742225107386573
6306.16199 0.4020679698020019
6308.462221 0.4148081475811425
6310.762452 0.41064468590245295
6313.062683 0.4020511424465554
6315.362914 0.399497123831013
6317.663146 0.4086818683749299
6319.963377 0.4134305480819246
6322.263608 0.4111562375080257
6324.563839 0.4123588325106003
6326.864071 0.4293724106906807
6329.164302 0.42185619192458956
6331.464533 0.4107067601469888
6333.764764 0.40639783532899537
6336.064996 0.40064325370753384
6338.365227 0.40642924639249545
6340.665458 0.40572586293483287
6342.965689 0.3962845947056653
6345.265921 0.3848427408845281
6347.566152 0.3876005574715889
6349.866383 0.38810014295773304
6352.166614 0.3719166021306423
6354.466845 0.365814591710396
6356.767077 0.37506866495875246
6359.067308 0.3633523008790985
6361.367539 0.3512480475593417
6363.66777 0.34087764755066624
6365.968002 0.33303950277782246
6368.268233 0.3305162221315623
6370.568464 0.3194342493522403
6372.868695 0.31095797386674306
6375.168927 0.3187237984052902
6377.469158 0.30192362848639437
6379.769389 0.2902153789314779
6382.06962 0.2895271774878404
6384.369852 0.2758883067454885
6386.670083 0.2782121645326464
6388.970314 0.2644975332966622
6391.270545 0.2557249841729374
6393.570776 0.25250381700512714
6395.871008 0.2449988912642467
6398.171239 0.228055202700454
6400.47147 0.23086110812996852
6402.771701 0.23070072473550202
6405.071933 0.23578008067408143
6407.372164 0.23372478747984926
6409.672395 0.2242491914455708
6411.972626 0.21594728475662223
6414.272858 0.21820409488085674
6416.573089 0.20596929867695854
6418.87332 0.20730991538831742
6421.173551 0.21302590627462173
6423.473783 0.20987380605238842
6425.774014 0.19264162182799677
6428.074245 0.19360949391915466
6430.374476 0.1913441953289505
6432.674707 0.1825196683739577
6434.974939 0.19328423983543594
6437.27517 0.2001449770157022
6439.575401 0.18950560107874567
6441.875632 0.20085120242672902
6444.175864 0.2037071785872276
6446.476095 0.1925850819136966
6448.776326 0.19839014560149756
6451.076557 0.20256217053440317
6453.376789 0.21011907410655156
6455.67702 0.2241007367764097
6457.977251 0.23515638409298872
6460.277482 0.23701816269958648
6462.577714 0.23476049251051803
6464.877945 0.24464719953541542
6467.178176 0.2665328954232211
6469.478407 0.28052005502919175
6471.778638 0.2865976096928559
6474.07887 0.29864330381565896
6476.379101 0.3166855569312438
6478.679332 0.3440364413209549
6480.979563 0.3748319601588054
6483.279795 0.39902820152590457
6485.580026 0.43162765026174016
6487.880257 0.47595688756746374
6490.180488 0.5083738529820131
6492.48072 0.5455510902817535
6494.780951 0.5753560761897782
6497.081182 0.6166575113388331
6499.381413 0.6505758508004399
6501.681645 0.6759526246374173
6503.981876 0.698075735813511
6506.282107 0.7316182643368133
6508.582338 0.7601062292252274
6510.882569 0.778633147571794
6513.182801 0.7920209915650076
6515.483032 0.804204370849486
6517.783263 0.8335086494476702
6520.083494 0.8574794042517866
6522.383726 0.8787521730659853
6524.683957 0.8882169995927781
6526.984188 0.8917544836488587
6529.284419 0.9126376056991636
6531.584651 0.927459888258881
6533.884882 0.9322650330919294
6536.185113 0.937380175206425
6538.485344 0.9469885951663609
6540.785576 0.9699818675896534
6543.085807 0.9769932656923503
6545.386038 0.9801373635722157
6547.686269 0.994633943318736
6549.9865 0.9931206031522499
6552.286732 0.9954252029659523
6554.586963 0.9876135706264676
6556.887194 0.9911413322105125
6559.187425 0.9907374756797971
6561.487657 0.9847828354991386
6563.787888 0.9771233972411364
6566.088119 0.982150289224846
6568.38835 0.9935480179805903
6570.688582 1.0
6572.988813 0.9932428819351609
6575.289044 0.9891837498602396
6577.589275 0.9763960815446167
6579.889507 0.9696262494778846
6582.189738 0.9594195235465185
6584.489969 0.9434129691046015
6586.7902 0.9386796209881247
6589.090431 0.9418416680471331
6591.390663 0.9402008139204859
6593.690894 0.9236180160398353
6595.991125 0.9093693593302264
6598.291356 0.896132961536031
6600.591588 0.8950668550831888
6602.891819 0.8969500231282652
6605.19205 0.8864534927419877
6607.492281 0.8767822506550516
6609.792513 0.8631128289140336
6612.092744 0.8548977139850655
6614.392975 0.84926279355789
6616.693206 0.8357122851286938
6618.993438 0.8246679308373255
6621.293669 0.8212228102655843
6623.5939 0.8123245047054896
6625.894131 0.789585886261287
6628.194362 0.7752418745374815
6630.494594 0.7761808409713947
6632.794825 0.7698937670353603
6635.095056 0.7568615411539155
6637.395287 0.7613129375813557
6639.695519 0.7657362884163851
6641.99575 0.7561432000469671
6644.295981 0.7380119115240087
6646.596212 0.7226575105909506
6648.896444 0.7245085196900626
6651.196675 0.7169627595666321
6653.496906 0.6910785474776355
6655.797137 0.6778017640303685
6658.097369 0.6826405635743098
6660.3976 0.682370578004702
6662.697831 0.6737946097867151
6664.998062 0.6722954793870506
6667.298293 0.6655985658605865
6669.598525 0.6507183224098867
6671.898756 0.6516509318428534
6674.198987 0.6429384750751342
6676.499218 0.6305468105243517
6678.79945 0.6256148996136066
6681.099681 0.6211638771273984
6683.399912 0.6161347414962959
6685.700143 0.6118284342669276
6688.000375 0.6112970637760511
6690.300606 0.6005398963509693
6692.600837 0.6003671355017189
6694.901068 0.5926243083489485
6697.2013 0.5871752367141485
6699.501531 0.5920028180211254
6701.801762 0.5755280891565643
6704.101993 0.5638667318321587
6706.402224 0.5744541299378473
6708.702456 0.5712468359897496
6711.002687 0.5663897133254333
6713.302918 0.5552118620141896
6715.603149 0.5518000222121092
6717.903381 0.5451326500429846
6720.203612 0.5484805458943683
6722.503843 0.5466501035630242
6724.804074 0.5283767173718513
6727.104306 0.5281699278704758
6729.404537 0.5357190534649956
6731.704768 0.537082443197392
6734.004999 0.5296761631535511
6736.305231 0.5074161894864927
6738.605462 0.5173289976093938
6740.905693 0.5207486901773491
6743.205924 0.5243647018921801
6745.506155 0.5201724467386155
6747.806387 0.5050992496121295
6750.106618 0.5072774572893674
6752.406849 0.506090941759775
6754.70708 0.49593095848242685
6757.007312 0.5021424962895682
6759.307543 0.502329092964408
6761.607774 0.5106960280336263
6763.908005 0.5087201225629783
6766.208237 0.5160467531243725
6768.508468 0.503717536759358
6770.808699 0.5050697082547901
6773.10893 0.5046673474890033
6775.409162 0.4948813054437991
6777.709393 0.49265635511254324
6780.009624 0.4971006466565727
6782.309855 0.49501667216983514
6784.610086 0.48739500197627944
6786.910318 0.4763693447465183
6789.210549 0.47703196860987723
6791.51078 0.46725415327178016
6793.811011 0.47678516739666227
6796.111243 0.488002282537281
6798.411474 0.4829813736132857
6800.711705 0.48380554008893073
6803.011936 0.4833500796681795
6805.312168 0.4828643300076247
6807.612399 0.48923404495596284
6809.91263 0.4900929879661972
6812.212861 0.4762979219711789
6814.513093 0.4864623925433127
6816.813324 0.482529652604856
6819.113555 0.4740983996437088
6821.413786 0.47396938991861914
6823.714017 0.47491546123594314
6826.014249 0.47916380757432925
6828.31448 0.4879503047060131
6830.614711 0.48346450568521554
6832.914942 0.47280456298049117
6835.215174 0.4633419801010913
6837.515405 0.47234050191140065
6839.815636 0.45498439356267645
6842.115867 0.44359376969034303
6844.416099 0.4560123580098399
6846.71633 0.4707733142074858
6849.016561 0.4615481840104973
6851.316792 0.4629519593959653
6853.617024 0.4576255404853084
6855.917255 0.4605680840410483
6858.217486 0.459197215484009
6860.517717 0.4597622406857783
6862.817948 0.4354859758950003
6865.11818 0.38299023602048754
6867.418411 0.3289779400848922
6869.718642 0.3024094903293188
6872.018873 0.3051547050968564
6874.319105 0.3278220129480891
6876.619336 0.3563352562637961
6878.919567 0.3848891095973139
6881.219798 0.4068847068132467
6883.52003 0.4059375136722263
6885.820261 0.386919610487855
6888.120492 0.3680439545481911
6890.420723 0.3693802335412571
6892.720955 0.37301441879997027
6895.021186 0.36595328651339815
6897.321417 0.37264653541578713
6899.621648 0.3892372982446825
6901.921879 0.383059041207202
6904.222111 0.3795712913349964
6906.522342 0.3883903213538767
6908.822573 0.3986280844075107
6911.122804 0.40855248470860817
6913.423036 0.4115496236842411
6915.723267 0.40736222976669434
6918.023498 0.40535566111501053
6920.323729 0.410286076260827
6922.623961 0.4124111842831005
6924.924192 0.4095333325605215
6927.224423 0.4072717359885155
6929.524654 0.40218688311382367
6931.824886 0.3951122889428943
6934.125117 0.4129900453104591
6936.425348 0.4172563408279882
6938.725579 0.4003328824848545
6941.02581 0.3958616671721106
6943.326042 0.39223967239756535
6945.626273 0.4048355088610984
6947.926504 0.41498726543133935
6950.226735 0.4182184916182943
6952.526967 0.4096189651026824
6954.827198 0.39999932690578216
6957.127429 0.39662375940321976
6959.42766 0.40323092703396923
6961.727892 0.413046884377745
6964.028123 0.4193485420218329
6966.328354 0.42559485636356365
6968.628585 0.4310884270049888
6970.928817 0.44255496094744745
6973.229048 0.4410352637800149
6975.529279 0.4281836515136954
6977.82951 0.4245586652092931
6980.129741 0.4277124855611942
6982.429973 0.4267806240106918
6984.730204 0.41973818878572683
6987.030435 0.4199169326946916
6989.330666 0.41123401728431164
6991.630898 0.41806480177188315
6993.931129 0.4187644458172243
6996.23136 0.42825582217149916
6998.531591 0.42138726961948114
7000.831823 0.40351138295807704
7003.132054 0.41948203904170833
7005.432285 0.42710632682388905
7007.732516 0.41030215573380924
7010.032748 0.41256524807074374
7012.332979 0.4184738934798485
7014.63321 0.421379042912374
7016.933441 0.41550180856676927
7019.233672 0.40795343085471375
7021.533904 0.40467097471895513
7023.834135 0.4000150324375322
7026.134366 0.39910336371356553
7028.434597 0.41428276014998033
7030.734829 0.4265828090988877
7033.03506 0.4201173651951207
7035.335291 0.4112433658151152
7037.635522 0.4111057554416863
7039.935754 0.4202269299761388
7042.235985 0.42701770275187095
7044.536216 0.41596886116571696
7046.836447 0.41274735745079777
7049.136679 0.4242879317572209
7051.43691 0.41936873484836873
7053.737141 0.41003590957652275
7056.037372 0.40650926981617425
7058.337603 0.4163906668755752
7060.637835 0.4162070617305926
7062.938066 0.40726163957524764
7065.238297 0.4057359593481008
7067.538528 0.39828705000379555
7069.83876 0.40007448909344306
7072.138991 0.39922676432017296
7074.439222 0.4068723667525859
7076.739453 0.41167863340933064
7079.039685 0.4128513131133338
7081.339916 0.42236213441168013
7083.640147 0.4217986049748394
7085.940378 0.40970983282209333
7088.24061 0.4155044261553943
7090.540841 0.40795006538362444
7092.841072 0.3956466509636279
7095.141303 0.39522297554760893
7097.441534 0.38903050874330697
7099.741766 0.40561966362490404
7102.041997 0.4143930728134628
7104.342228 0.41158066080650896
7106.642459 0.4249415810310083
7108.942691 0.4220958882543937
7111.242922 0.41135779183215126
7113.543153 0.40776384265001686
7115.843384 0.41045696740391674
7118.143616 0.4113297462397405
7120.443847 0.4045494438185084
7122.744078 0.40635333632237025
7125.044309 0.4113607833620084
7127.344541 0.40934860559184244
7129.644772 0.4037578102300599
7131.945003 0.3963017960023439
7134.245234 0.3927669295348882
7136.545465 0.3909252689665798
7138.845697 0.3864181552955501
7141.145928 0.3875310044024102
7143.446159 0.3874936102791957
7145.74639 0.37779357471738456
7148.046622 0.3716485984495649
7150.346853 0.38440560358415193
7152.647084 0.3974636314106148
7154.947315 0.37930953247249566
7157.247547 0.38191852044916325
7159.547778 0.3925332162647983
7161.848009 0.4029927264690936
7164.14824 0.3946833783496253
7166.448472 0.37744954878381226
7168.748703 0.3498790861025863
7171.048934 0.3435754091758447
7173.349165 0.3264644193047909
7175.649396 0.33288929058487027
7177.949628 0.34886824816385503
7180.249859 0.34535443458776904
7182.55009 0.3366001337961729
7184.850321 0.32121002147544503
7187.150553 0.3200156905741008
7189.450784 0.32161111084104244
7191.751015 0.32994248409908394
7194.051246 0.3439125545907456
7196.351478 0.35050465238983974
7198.651709 0.33917890732128325
7200.95194 0.33578535324545467
7203.252171 0.3430893977564274
7205.552403 0.3518622834272611
7207.852634 0.37806655181684956
7210.152865 0.38742218750385626
7212.453096 0.40388382842529236
7214.753327 0.41468437303330286
7217.053559 0.4053347204060105
7219.35379 0.4122114996651356
7221.654021 0.4137958886657291
7223.954252 0.38239379975521803
7226.254484 0.3726111231811031
7228.554715 0.36925271958109607
7230.854946 0.3610720072454853
7233.155177 0.3354356434051537
7235.455409 0.3274608979002078
7237.75564 0.342967754673611
7240.055871 0.3531469585302913
7242.356102 0.3556384541718193
7244.656334 0.35303103674832675
7246.956565 0.37043508436301165
7249.256796 0.38580115226251277
7251.557027 0.37450812705176884
7253.857258 0.3679264996071748
7256.15749 0.37019015285595747
7258.457721 0.3789400785351376
7260.757952 0.3800301172268369
7263.058183 0.36765142843680976
7265.358415 0.36511539639453344
7267.658646 0.3684341996180564
7269.958877 0.38486704706461744
7272.259108 0.3811998054009828
7274.55934 0.366796449203636
7276.859571 0.37496919659100214
7279.159802 0.38249925118268263
7281.460033 0.3987993494918326
7283.760265 0.4020784401565019
7286.060496 0.4008590177984808
7288.360727 0.3723406888820167
7290.660958 0.36282646471845775
7292.961189 0.37618674924286255
7295.261421 0.386644015799765
7297.561652 0.3817719354861629
7299.861883 0.3825306622461827
7302.162114 0.372713321319848
7304.462346 0.3709368387083023
7306.762577 0.3757398894704506
7309.062808 0.3866907584537829
7311.363039 0.3800390918164083
7313.663271 0.3751079287881275
7315.963502 0.3849440789584391
7318.263733 0.39337757556697905
7320.563964 0.39730321062202506
7322.864196 0.40850088081857233
7325.164427 0.40529807416526037
7327.464658 0.40865457066498345
7329.764889 0.40015376463465757
7332.06512 0.39866435670702866
7334.365352 0.4063997050351561
7336.665583 0.40612224064090535
7338.965814 0.4036792825713097
7341.266045 0.3943696416558567
7343.566277 0.38684257859403337
7345.866508 0.37606484440118365
7348.166739 0.3952375592556625
7350.46697 0.40402143879872127
7352.767202 0.3903957681818641
7355.067433 0.3956455291399314
7357.367664 0.39485576525764365
7359.667895 0.38743116209342776
7361.968127 0.37632062020397
7364.268358 0.3679278831897337
7366.568589 0.35725672224804494
7368.86882 0.3719849585878783
7371.169051 0.3765588207688456
7373.469283 0.36321147461107306
7375.769514 0.3718331758417511
7378.069745 0.3717322117090723
7380.369976 0.3698423875100637
7382.670208 0.37466181689817996
7384.970439 0.37627200784379133
7387.27067 0.38203967740837785
7389.570901 0.38592492681035234
7391.871133 0.3804852037063559
7394.171364 0.36817079541413433
7396.471595 0.36635650734401887
7398.771826 0.37638905144945234
7401.072058 0.3776529728140985
7403.372289 0.3822356226140213
7405.67252 0.394614947104143
7407.972751 0.3850151277925464
7410.272982 0.3704610732786457
7412.573214 0.3766721249621852
7414.873445 0.38779612873600017
7417.173676 0.39378517151001585
7419.473907 0.3783817842755468
7421.774139 0.3678990523207354
7424.07437 0.3866361630338899
7426.374601 0.3932687586684252
7428.674832 0.3909731334442942
7430.975064 0.394383477481446
7433.275295 0.3843517560467232
7435.575526 0.37118980995184764
7437.875757 0.37813311335617117
7440.175989 0.3851493726948861
7442.47622 0.38732271913610605
7444.776451 0.38697158831912293
7447.076682 0.3820168669932171
7449.376913 0.391451030338974
7451.677145 0.39209981837674357
7453.977376 0.3909779946803121
7456.277607 0.3853382130171187
7458.577838 0.39862958017243927
7460.87807 0.4030858378358974
7463.178301 0.4049626488800273
7465.478532 0.3954121898110737
7467.778763 0.3829262920697909
7470.078995 0.38664438974099713
7472.379226 0.3951324817694301
7474.679457 0.38812070972550095
7476.979688 0.3877082525464463
7479.27992 0.3917355996166355
7481.580151 0.3905038371979537
7483.880382 0.3836109784658463
7486.180613 0.3759018060239689
7488.480844 0.37294707198406113
7490.781076 0.3786865463797441
7493.081307 0.3882022289141083
7495.381538 0.3868092978243725
7497.681769 0.3857495483724769
7499.982001 0.3897088381384159
7502.282232 0.3838267425567933
7504.582463 0.3717757010743706
7506.882694 0.3820022832851635
7509.182926 0.39032621511268534
7511.483157 0.3842171372031515
7513.783388 0.3830126724944161
7516.083619 0.39053487432022155
7518.383851 0.384377184050509
7520.684082 0.3905214124358644
7522.984313 0.3920485884279399
7525.284544 0.3847081220409563
7527.584775 0.38652398066424676
7529.885007 0.3894048239166829
7532.185238 0.38371979536440015
7534.485469 0.39252012832167327
7536.7857 0.38303062167355906
7539.085932 0.3711728330199083
7541.386163 0.3660198106585965
7543.686394 0.3671118686329494
7545.986625 0.3723866462594472
7548.286857 0.3653632446431984
7550.587088 0.37406949398646405
7552.887319 0.3680989986975627
7555.18755 0.36816855176674146
7557.487782 0.37098171165615956
7559.788013 0.3791865058071204
7562.088244 0.37934468294831725
7564.388475 0.37243245406038483
7566.688706 0.3724713439485277
7568.988938 0.38052708512435607
7571.289169 0.37451485799394746
7573.5894 0.3678582179381853
7575.889631 0.3662378557910596
7578.189863 0.37261011353977636
7580.490094 0.37550019314064637
7582.790325 0.37069572140181595
7585.090556 0.3639935353039787
7587.390788 0.35101605441891964
7589.691019 0.3367400999993643
7591.99125 0.30075162187660914
7594.291481 0.23139442311525207
7596.591713 0.15403218960914541
7598.891944 0.10187030446669063
7601.192175 0.08181288205108261
7603.492406 0.064078532146045
7605.792637 0.05662786527794866
7608.092869 0.06373215038271016
7610.3931 0.08501396857472673
7612.693331 0.12295797237097812
7614.993562 0.17964929547602157
7617.293794 0.21061417229791002
7619.594025 0.2080149067932782
7621.894256 0.18871479016100787
7624.194487 0.1568352530852956
7626.494719 0.14112590713468653
7628.79495 0.13922546300468513
7631.095181 0.13637980762219373
7633.395412 0.15312676570375552
7635.695644 0.16084326739378293
7637.995875 0.17699191950391463
7640.296106 0.1938594736328428
7642.596337 0.19074203776282928
7644.896568 0.2127539388164835
7647.1968 0.22776360332762824
7649.497031 0.22891291170462233
7651.797262 0.2347228740225644
7654.097493 0.2616983962034495
7656.397725 0.24948487725566026
7658.697956 0.24773763684846817
7660.998187 0.26969886886516686
7663.298418 0.2863985607749857
7665.59865 0.28935722119783097
7667.898881 0.2823597337089698
7670.199112 0.29363727775270293
7672.499343 0.3000560911848216
7674.799575 0.29702103456824935
7677.099806 0.3032287581748228
7679.400037 0.29427256651199213
7681.700268 0.2805529992517436
7684.000499 0.28939057675573826
7686.300731 0.27958123817177144
7688.600962 0.25882978082930447
7690.901193 0.26264996445688593
7693.201424 0.26483131324047376
7695.501656 0.27270864705444625
7697.801887 0.2718051302493403
7700.102118 0.28097633812065365
7702.402349 0.295691860458594
7704.702581 0.3062045825002235
7707.002812 0.30195201062591404
7709.303043 0.30589032228872975
7711.603274 0.31593266365444544
7713.903506 0.311430822554789
7716.203737 0.30989560682622247
7718.503968 0.31590932972155966
7720.804199 0.3229688914549567
