3420.0 0.49426972396367813
3422.0 0.5011497920313663
3424.0 0.5068800680676883
3426.0 0.5108540367760981
3428.0 0.5174739643966898
3430.0 0.5392941426719442
3432.0 0.520144356389538
3434.0 0.5306620789964616
3436.0 0.5695121144962906
3438.0 0.5385568385318306
3440.0 0.5358548272581197
3442.0 0.5423267191546729
3444.0 0.5561055394105592
3446.0 0.5756807487445709
3448.0 0.5409527176771902
3450.0 0.5498980996812202
3452.0 0.5636654220167927
3454.0 0.5886259697777165
3456.0 0.5908062629171948
3458.0 0.581592117025833
3460.0 0.5784618082204382
3462.0 0.5919043143071497
3464.0 0.5903190385439034
3466.0 0.5801850590274485
3468.0 0.5840771050536234
3470.0 0.5895961068041818
3472.0 0.5784546220202421
3474.0 0.5688811661190782
3476.0 0.5864629235187085
3478.0 0.5723377284133733
3480.0 0.5745252077530477
3482.0 0.5858147282610258
3484.0 0.5544915188465287
3486.0 0.5514000155221924
3488.0 0.5536148024226119
3490.0 0.5418797375024793
3492.0 0.5428642469293367
3494.0 0.5245969260310042
3496.0 0.5226451540577598
3498.0 0.512677894385853
3500.0 0.5177470400041393
3502.0 0.5067852102251006
3504.0 0.4781941941251377
3506.0 0.4793885405977194
3508.0 0.466043766833674
3510.0 0.4731839753484589
3512.0 0.4786239288968608
3514.0 0.47089445196600066
3516.0 0.46232418961220395
3518.0 0.4637585551713334
3520.0 0.46557522658089223
3522.0 0.4557056992316515
3524.0 0.4639928252977243
3526.0 0.44954425118356717
3528.0 0.45995274354751087
3530.0 0.4151194777644594
3532.0 0.4197861961717675
3534.0 0.43118925864284297
3536.0 0.40395930886000997
3538.0 0.4168355423712736
3540.0 0.41330855531505745
3542.0 0.4004567548844603
3544.0 0.3829439850067119
3546.0 0.3901560555234572
3548.0 0.3480391734145087
3550.0 0.37952766543351474
3552.0 0.3686477583367109
3554.0 0.3514209992267649
3556.0 0.34629148952683186
3558.0 0.35425523658408287
3560.0 0.3300822963646451
3562.0 0.31543394588503804
3564.0 0.3225482840791172
3566.0 0.31179054238564596
3568.0 0.3088298279048777
3570.0 0.3033395709551035
3572.0 0.3093529832791494
3574.0 0.31552018028739054
3576.0 0.3092423157961304
3578.0 0.3113464352135308
3580.0 0.2973937089129004
3582.0 0.2883850883471452
3584.0 0.29757048943772296
3586.0 0.3037678684867875
3588.0 0.29371868613264573
3590.0 0.31914058794615524
3592.0 0.30286097002204726
3594.0 0.29181865480081287
3596.0 0.29851188166340414
3598.0 0.3036097720824746
3600.0 0.28115864543000785
3602.0 0.30526834708772055
3604.0 0.2935965207293131
3606.0 0.2687911948926238
3608.0 0.2750546869834919
3610.0 0.26352227290888763
3612.0 0.2836192003771318
3614.0 0.27218595586523286
3616.0 0.2716901080517062
3618.0 0.2865842265780177
3620.0 0.29029661759929176
3622.0 0.2578106809930754
3624.0 0.27960642618766335
3626.0 0.2643975520927652
3628.0 0.2651521031133494
3630.0 0.2677017669429042
3632.0 0.2664226233080092
3634.0 0.26823067127733274
3636.0 0.2559365199819483
3638.0 0.2683672090810575
3640.0 0.26310834777759573
3642.0 0.2636688713928868
3644.0 0.2795647462265263
3646.0 0.2455280276180046
3648.0 0.26684086015941866
3650.0 0.26048825918611973
3652.0 0.2585738554538948
3654.0 0.2667733098775759
3656.0 0.2567600585244144
3658.0 0.2526366168519269
3660.0 0.24634581720031393
3662.0 0.25280621117655344
3664.0 0.26268867368614707
3666.0 0.2580090201184861
3668.0 0.2744294875664364
3670.0 0.2567801798849633
3672.0 0.2477643731190121
3674.0 0.2565027925573962
3676.0 0.2553831825668532
3678.0 0.26516503827370225
3680.0 0.26576580461009114
3682.0 0.27693747143485425
3684.0 0.2833288778892118
3686.0 0.28284883971611635
3688.0 0.28384053534316983
3690.0 0.2875701732449143
3692.0 0.3147138886253949
3694.0 0.30044065779602114
3696.0 0.31902848322309707
3698.0 0.31892069022015646
3700.0 0.31895949570121507
3702.0 0.33614026312990636
3704.0 0.32084515463265584
3706.0 0.3391412203317725
3708.0 0.33393122518964385
3710.0 0.34978829454222465
3712.0 0.3550658399661962
3714.0 0.35882134818864636
3716.0 0.3689409553047093
3718.0 0.38683315655280853
3720.0 0.39426799927563105
3722.0 0.3854189123542279
3724.0 0.4030725317558187
3726.0 0.40615972336003725
3728.0 0.43191506486264303
3730.0 0.4154227354127323
3732.0 0.4422387600642734
3734.0 0.4381684962732366
3736.0 0.46029624391688156
3738.0 0.4703123697501215
3740.0 0.4750207681185666
3742.0 0.46691617153747317
3744.0 0.50493548229464
3746.0 0.490466786819934
3748.0 0.4887104794920219
3750.0 0.5179683749701773
3752.0 0.5218043686348232
3754.0 0.5294979145647032
3756.0 0.5346417966650283
3758.0 0.5685419774698252
3760.0 0.5545202636473128
3762.0 0.5487310607693834
3764.0 0.5724297117758825
3766.0 0.5771323611841708
3768.0 0.5813980896205398
3770.0 0.5873439516627431
3772.0 0.5985601729287215
3774.0 0.6015208874094898
3776.0 0.6033763643001072
3778.0 0.6177803839730489
3780.0 0.6167901255860346
3782.0 0.6247739940038346
3784.0 0.6223651796981221
3786.0 0.6365263058044377
3788.0 0.6412835703342158
3790.0 0.6391622040363449
3792.0 0.6505580803072245
3794.0 0.6664367082603935
3796.0 0.6834033269232428
3798.0 0.6640063353540928
3800.0 0.6846091713161382
3802.0 0.6877984069631405
3804.0 0.6995262856830771
3806.0 0.70209750811322
3808.0 0.6992129673545298
3810.0 0.7091169884647115
3812.0 0.7631902704598306
3814.0 0.7460267499116098
3816.0 0.7662012883419712
3818.0 0.7715751288485696
3820.0 0.7875184326035028
3822.0 0.8027301811784794
3824.0 0.8126514491691316
3826.0 0.8108606480802786
3828.0 0.8102986872249482
3830.0 0.8184737085679628
3832.0 0.81419648221128
3834.0 0.8290906007375917
3836.0 0.8648750032337902
3838.0 0.8650877147595929
3840.0 0.8646436075874777
3842.0 0.8737585839161341
3844.0 0.8793379497483393
3846.0 0.8970389980712239
3848.0 0.9045327676356539
3850.0 0.891896553210938
3852.0 0.9213269174937982
3854.0 0.9112906703000095
3856.0 0.9119862944789862
3858.0 0.9203165377462352
3860.0 0.9176863884744848
3862.0 0.912579874615179
3864.0 0.9219147486698345
3866.0 0.9157058717004561
3868.0 0.9267050697205143
3870.0 0.9347205574191769
3872.0 0.9194829385234946
3874.0 0.9266950090402398
3876.0 0.9432074598506996
3878.0 0.9352839555145464
3880.0 0.9230372331404558
3882.0 0.9025421901813511
3884.0 0.8953488037851154
3886.0 0.8988872887616454
3888.0 0.8830575269698094
3890.0 0.8971338559138117
3892.0 0.8925016312674445
3894.0 0.893542193055831
3896.0 0.9026830397051934
3898.0 0.9041863927862048
3900.0 0.898401501628393
3902.0 0.8827499576014189
3904.0 0.9060806751578809
3906.0 0.8893928810626378
3908.0 0.8771461586885473
3910.0 0.8776247596216035
3912.0 0.856820710054069
3914.0 0.8708524845568558
3916.0 0.8739928540425251
3918.0 0.8562616236788171
3920.0 0.8626070384519201
3922.0 0.8441255687877456
3924.0 0.8491573461650124
3926.0 0.8320527524583992
3928.0 0.8319262753349488
3930.0 0.8174604543403212
3932.0 0.8008933884083718
3934.0 0.7810494151870282
3936.0 0.7932400851995896
3938.0 0.8333951346550194
3940.0 0.8399532609539251
3942.0 0.8435578589722584
3944.0 0.8296468126327651
3946.0 0.8387890965221666
3948.0 0.8451215761349166
3950.0 0.8325371023516122
3952.0 0.8615952214643177
3954.0 0.8330070798444332
3956.0 0.846244060605538
3958.0 0.8475893172822366
3960.0 0.8302030245279386
3962.0 0.8440723909062948
3964.0 0.846873571742711
3966.0 0.8312665821569524
3968.0 0.8342632276387009
3970.0 0.8367554018666874
3972.0 0.8564728979645807
3974.0 0.8523106508110345
3976.0 0.866664367082604
3978.0 0.8582665735335122
3980.0 0.8584562892186877
3982.0 0.8682956345271049
3984.0 0.8721848060732015
3986.0 0.881347211323152
3988.0 0.8998013734265815
3990.0 0.8812925962016621
3992.0 0.9068797806196804
3994.0 0.8829396732865943
3996.0 0.9116427941096155
3998.0 0.906316382524311
4000.0 0.9003389012012453
4002.0 0.9087683140311996
4004.0 0.9349404551451757
4006.0 0.9321694563495828
4008.0 0.930296732578495
4010.0 0.9376956443003372
4012.0 0.9451089284225715
4014.0 0.9529850038374309
4016.0 0.9499725487152512
4018.0 0.9750063957181745
4020.0 0.9819051479063725
4022.0 0.978197068605216
4024.0 0.9818160390239417
4026.0 0.9821552276731946
4028.0 0.9786842929785076
4030.0 0.9839057860409498
4032.0 0.9804822802675567
4034.0 0.9975135747321704
4036.0 0.9882175061585736
4038.0 0.992693071640667
4040.0 0.98147397589461
4042.0 0.994255351563286
4044.0 0.9935784115048191
4046.0 0.9972908025260931
4048.0 0.9949021095809296
4050.0 0.990307253175582
4052.0 0.9984592786779691
4054.0 1.0
4056.0 0.9972764301257011
4058.0 0.9804132927456747
4060.0 0.984134307207184
4062.0 0.979274998634622
4064.0 0.9662550411194376
4066.0 0.9640819341801552
4068.0 0.9435020940587372
4070.0 0.9429487566436422
4072.0 0.9383179692373141
4074.0 0.9418047135724327
4076.0 0.9405988691795372
4078.0 0.9430091207252889
4080.0 0.9265484105562407
4082.0 0.9209977895248198
4084.0 0.9255768362897362
4086.0 0.9382274231148442
4088.0 0.9090500130788844
4090.0 0.9120308489202017
4092.0 0.922871950535947
4094.0 0.9161787236733556
4096.0 0.9086059059067692
4098.0 0.9062459577623898
4100.0 0.9064112403668987
4102.0 0.898310955505923
4104.0 0.9152991327693604
4106.0 0.9033844128443268
4108.0 0.9057788547496471
4110.0 0.9120998364420836
4112.0 0.9254058047250704
4114.0 0.9184754332560099
4116.0 0.9194383840822791
4118.0 0.9300509645317904
4120.0 0.9165653412439025
4122.0 0.917480863148878
4124.0 0.9068151048179162
4126.0 0.9167464334888428
4128.0 0.9048317135638092
4130.0 0.9051507808525133
4132.0 0.9110578374136579
4134.0 0.9000011497920314
4136.0 0.9050027451284749
4138.0 0.9098649281811153
4140.0 0.912434713371219
4142.0 0.8945640707237078
4144.0 0.8910543305479622
4146.0 0.8911865566315693
4148.0 0.8904636248918477
4150.0 0.8898657330355373
4152.0 0.8911592490708244
4154.0 0.8876811281759412
4156.0 0.8768558362006272
4158.0 0.8716803348194396
4160.0 0.865198382242612
4162.0 0.8728689323318645
4164.0 0.8667419780447212
4166.0 0.8493053818890508
4168.0 0.8535035600435772
4170.0 0.8561394582754844
4172.0 0.8337688170652133
4174.0 0.8340404554326236
4176.0 0.8181963212403957
4178.0 0.8047969323548603
4180.0 0.7854100014659849
4182.0 0.795351390817186
4184.0 0.7872324218357005
4186.0 0.7831377249639971
4188.0 0.7559638275426932
4190.0 0.74615322703506
4192.0 0.7538970763663123
4194.0 0.7283918146305287
4196.0 0.7273052611608876
4198.0 0.7191632963387747
4200.0 0.7089402079398889
4202.0 0.6940575873338911
4204.0 0.6839322312576713
4206.0 0.680280204318044
4208.0 0.6756566031119121
4210.0 0.6518458473823547
4212.0 0.657412278054207
4214.0 0.6441796090132197
4216.0 0.6278841814486805
4218.0 0.6255774111857518
4220.0 0.6169855902313669
4222.0 0.6172414189583459
4224.0 0.6070341401998913
4226.0 0.5905001307888437
4228.0 0.5927867796912234
4230.0 0.5912877383303295
4232.0 0.5870708760552936
4234.0 0.5720488431654924
4236.0 0.5704032033205995
4238.0 0.5656358781105467
4240.0 0.5670199402683039
4242.0 0.5563498702172245
4244.0 0.5507935002256468
4246.0 0.5433902767836868
4248.0 0.5528271948811259
4250.0 0.5389750753832401
4252.0 0.5362658779093332
4254.0 0.5403735099413893
4256.0 0.5290020667511764
4258.0 0.5334747577531914
4260.0 0.5317213249053578
4262.0 0.510901465697392
4264.0 0.5250022277220608
4266.0 0.5207681185665544
4268.0 0.5203656913555761
4270.0 0.5159303685945804
4272.0 0.5091997734909698
4274.0 0.5250999600447269
4276.0 0.5260514129506826
4278.0 0.5212539056998066
4280.0 0.5293527533207432
4282.0 0.5323235284817859
4284.0 0.543682036511646
4286.0 0.5468942679992757
4288.0 0.5399610220501367
4290.0 0.5471112912451961
4292.0 0.5588449189252894
4294.0 0.5639557445047128
4296.0 0.5678966566922208
4298.0 0.5719079936416501
4300.0 0.5819643621959878
4302.0 0.5845973859478167
4304.0 0.5780493203291854
4306.0 0.5885713546562267
4308.0 0.5924892710031074
4310.0 0.5922147581556186
4312.0 0.5974031946971592
4314.0 0.6114665884808086
4316.0 0.6042760765646513
4318.0 0.5980844464757438
4320.0 0.6068774810356178
4322.0 0.619418837617746
4324.0 0.6245497845577181
4326.0 0.6251103081730093
4328.0 0.6374576373498444
4330.0 0.6252482832167732
4332.0 0.6458367467784265
4334.0 0.638271115212036
4336.0 0.65011253589507
4338.0 0.6467292728427745
4340.0 0.6490590389463305
4342.0 0.652088740948981
4344.0 0.6433287629100087
4346.0 0.6531465496178379
4348.0 0.6632388491731559
4350.0 0.6657842012825931
4352.0 0.6719686451713047
4354.0 0.666903811273136
4356.0 0.6888892721528994
4358.0 0.6804986648040036
4360.0 0.6895317184504253
4362.0 0.7030676451396854
4364.0 0.6962982445550161
4366.0 0.7158360856480084
4368.0 0.7284406807918617
4370.0 0.7297212616667961
4372.0 0.7286375826772333
4374.0 0.7462595827979615
4376.0 0.7579888987579373
4378.0 0.7550885483588156
4380.0 0.7667919939980856
4382.0 0.7691433187022299
4384.0 0.780454397810796
4386.0 0.7821187217761988
4388.0 0.7947822437616596
4390.0 0.790207508716861
4392.0 0.8068909910919863
4394.0 0.8121441034352912
4396.0 0.8113047552523938
4398.0 0.82198057426363
4400.0 0.8215709608524558
4402.0 0.8326966359959643
4404.0 0.8374941432468402
4406.0 0.839207333373576
4408.0 0.8421191816930114
4410.0 0.8374768963663698
4412.0 0.857366861268968
4414.0 0.8557758365455649
4416.0 0.8554567692568606
4418.0 0.8676100710284028
4420.0 0.8746396120601686
4422.0 0.8682424566456542
4424.0 0.8716099100575184
4426.0 0.8772697613319193
4428.0 0.8930808390032454
4430.0 0.8876624440554316
4432.0 0.8904621876518085
4434.0 0.8946977340473542
4436.0 0.8865500202650847
4438.0 0.878623641448853
4440.0 0.8873606236471978
4442.0 0.887327567126296
4444.0 0.8935378813357134
4446.0 0.8788622232953616
4448.0 0.8917442057667819
4450.0 0.8913561509561958
4452.0 0.8891255544153452
4454.0 0.8912785399940786
4456.0 0.9056423169459225
4458.0 0.8985035456711769
4460.0 0.8837474021886292
4462.0 0.8959351977211122
4464.0 0.8845378842101935
4466.0 0.9123254831282392
4468.0 0.910139441028604
4470.0 0.8989160335624294
4472.0 0.8955629525509574
4474.0 0.9004682528047739
4476.0 0.896708432862206
4478.0 0.8887935519662882
4480.0 0.8908013763010616
4482.0 0.8799890194861005
4484.0 0.8892146632977761
4486.0 0.8835145693022776
4488.0 0.8746726685810704
4490.0 0.8777584229452497
4492.0 0.8696193326032154
4494.0 0.8658695733409221
4496.0 0.8657028534963739
4498.0 0.8479960562133325
4500.0 0.8586632517843334
4502.0 0.862329651124353
4504.0 0.8344543805639155
4506.0 0.8458028279135011
4508.0 0.8271302053241121
4510.0 0.8223269491130792
4512.0 0.8197384798024658
4514.0 0.8232884626993092
4516.0 0.8106680579150247
4518.0 0.8175581866629874
4520.0 0.809502456243227
4522.0 0.7940262555010362
4524.0 0.7926148857825341
4526.0 0.790221881117253
4528.0 0.7970243382228239
4530.0 0.7932659555202953
4532.0 0.7864060088131559
4534.0 0.7663263282253823
4536.0 0.7706279876627316
4538.0 0.7652110299549569
4540.0 0.7647022469810774
4542.0 0.7551503496805017
4544.0 0.7500883902624114
4546.0 0.761153701324273
4548.0 0.7449574433224391
4550.0 0.7419651095608082
4552.0 0.7337383475763822
4554.0 0.7337110400156373
4556.0 0.7204726220144931
4558.0 0.7286232102768413
4560.0 0.7252385099845066
4562.0 0.7011216221265979
4564.0 0.6958584491030185
4566.0 0.6888921466329778
4568.0 0.7035893632739179
4570.0 0.6819531517236821
4572.0 0.6827378847850895
4574.0 0.6788587739192674
4576.0 0.6676181195726223
4578.0 0.6620488144206917
4580.0 0.6514894118526312
4582.0 0.6520470609878439
4584.0 0.6494399075567207
4586.0 0.6472308696164581
4588.0 0.6441350545720043
4590.0 0.6318753970375608
4592.0 0.6368238144925538
4594.0 0.6287537116724012
4596.0 0.6186542259168872
4598.0 0.6192837370540604
4600.0 0.6247955526044228
4602.0 0.6211923918261285
4604.0 0.6242666482699942
4606.0 0.6189819166458267
4608.0 0.6155569736323943
4610.0 0.6202093196393103
4612.0 0.611422034039593
4614.0 0.6196617311843721
4616.0 0.6078619904624751
4618.0 0.6100667166826201
4620.0 0.6097979527952883
4622.0 0.6151143037003182
4624.0 0.6041438504810442
4626.0 0.6034424773419108
4628.0 0.6005478759029461
4630.0 0.6065627254670312
4632.0 0.5838327742469581
4634.0 0.5823107370454369
4636.0 0.5849696311179716
4638.0 0.5889033571052836
4640.0 0.5928643906533406
4642.0 0.5832938092322552
4644.0 0.5806421013599166
4646.0 0.5858305379014571
4648.0 0.5753832400564548
4650.0 0.5851234158021668
4652.0 0.5711922481021245
4654.0 0.5640376671869476
4656.0 0.5675747149234383
4658.0 0.5642733745533777
4660.0 0.565401607984156
4662.0 0.565201831618706
4664.0 0.5632673065259322
4666.0 0.554790464774684
4668.0 0.5423856459962805
4670.0 0.5448059582223065
4672.0 0.5470020610022163
4674.0 0.538193216801911
4676.0 0.5443762234505835
4678.0 0.5431818769780016
4680.0 0.5365317673165867
4682.0 0.5343802189778925
4684.0 0.5389118368215149
4686.0 0.5360948463446674
4688.0 0.5336486637979356
4690.0 0.5283165032524743
4692.0 0.5312211653717134
4694.0 0.5185720157866446
4696.0 0.5264567146417393
4698.0 0.5277401699967519
4700.0 0.5320173963534346
4702.0 0.5283380618530624
4704.0 0.5251502634460992
4706.0 0.539485295597159
4708.0 0.5300641871401511
4710.0 0.5332519855471142
4712.0 0.5297609294918783
4714.0 0.5303070807067772
4716.0 0.5292032803566655
4718.0 0.5377548585899525
4720.0 0.5310544455271653
4722.0 0.5283438108132191
4724.0 0.5248613781982184
4726.0 0.5295769627668596
4728.0 0.5278608981600453
4730.0 0.5212955856609436
4732.0 0.522639405097603
4734.0 0.5247190914343368
4736.0 0.5232085521531293
4738.0 0.5160007933565016
4740.0 0.5143149107905108
4742.0 0.5126275909844807
4744.0 0.5112435288267235
4746.0 0.5031734260065711
4748.0 0.504824814811621
4750.0 0.49995832003886304
4752.0 0.5002012136054892
4754.0 0.49475838557700874
4756.0 0.4968165133131545
4758.0 0.48897493165923617
4760.0 0.4874040282963819
4762.0 0.4877719617464192
4764.0 0.4823090123573899
4766.0 0.48398770872318475
4768.0 0.47654855428024456
4770.0 0.4725501524911682
4772.0 0.46952188772855713
4774.0 0.4596466114191596
4776.0 0.4673732138699413
4778.0 0.46158832271212946
4780.0 0.459725659621316
4782.0 0.45568845235118105
4784.0 0.4507831520973644
4786.0 0.44209072434023494
4788.0 0.4497339668687427
4790.0 0.4467876247883664
4792.0 0.44704489075538467
4794.0 0.43995211116189364
4796.0 0.437438378333319
4798.0 0.4365875322301079
4800.0 0.4326681786431879
4802.0 0.43583154396948454
4804.0 0.43179146221927106
4806.0 0.4293912713537939
4808.0 0.4205738037132534
4810.0 0.4177050725949944
4812.0 0.4214993862985033
4814.0 0.4216948509438356
4816.0 0.42655847123651514
4818.0 0.4200707696995306
4820.0 0.4161269830319441
4822.0 0.41059935784115054
4824.0 0.41829577825110886
4826.0 0.42093167648301616
4828.0 0.4160493720698269
4830.0 0.40851679702433824
4832.0 0.41867520962145977
4834.0 0.4140760414959945
4836.0 0.4178344241985231
4838.0 0.4237917841610399
4840.0 0.424974632713308
4842.0 0.4259648911003222
4844.0 0.42465843990468227
4846.0 0.4259692028204399
4848.0 0.4316448637352719
4850.0 0.4344072390906295
4852.0 0.43604569273532656
4854.0 0.43762378229837684
4856.0 0.43676000103481283
4858.0 0.43355926746749684
4860.0 0.442277565545332
4862.0 0.44515779458390464
4864.0 0.44955574910388085
4866.0 0.4453245144284528
4868.0 0.4437047449042655
4870.0 0.44159056480659065
4872.0 0.44962473662576286
4874.0 0.45484479244816595
4876.0 0.45680518786164553
4878.0 0.4599283104668443
4880.0 0.46916401495879434
4882.0 0.4654659963379124
4884.0 0.46085533029213344
4886.0 0.46465108123568155
4888.0 0.4692013831998138
4890.0 0.47336075587328147
4892.0 0.47273843093630447
4894.0 0.48057570087010515
4896.0 0.48315985846060094
4898.0 0.47781763723486514
4900.0 0.481929580987039
4902.0 0.485496810764353
4904.0 0.4879113740302223
4906.0 0.5005691470555264
4908.0 0.4907168665867561
4910.0 0.49449968236995134
4912.0 0.5006165759768202
4914.0 0.5033114010503351
4916.0 0.5008982750245049
4918.0 0.505779142197655
4920.0 0.5088318400409326
4922.0 0.49856994616098815
4924.0 0.5023527619441833
4926.0 0.5048779926930717
4928.0 0.5084581576307385
4930.0 0.5099227052306914
4932.0 0.5149688550083504
4934.0 0.5198224146207555
4936.0 0.5125701013829124
4938.0 0.5163989088473623
4940.0 0.518803411432957
4942.0 0.5157492763496403
4944.0 0.5257280339418609
4946.0 0.5246156101515139
4948.0 0.5261620804337016
4950.0 0.5343917168982061
4952.0 0.535427966966475
4954.0 0.535289991922711
4956.0 0.5330435857414291
4958.0 0.5333382199494667
4960.0 0.5349464915533403
4962.0 0.5382794512042635
4964.0 0.5338541891235423
4966.0 0.5354236552463573
4968.0 0.5327762590941364
4970.0 0.5456956098065763
4972.0 0.5464099181060627
4974.0 0.5474418564542138
4976.0 0.5454369065995188
4978.0 0.5451782033924614
4980.0 0.5550980341430743
4982.0 0.5623977763022113
4984.0 0.5636726082169888
4986.0 0.5707768857307934
4988.0 0.576801795975153
4990.0 0.5761780337981368
4992.0 0.5825076389308084
4994.0 0.5841590277358583
4996.0 0.5888113737427744
4998.0 0.5884966181741879
5000.0 0.5925812543656167
5002.0 0.5912359976889181
5004.0 0.6014820819284313
5006.0 0.6102363110072466
5008.0 0.6127773513965661
5010.0 0.6118244612505713
5012.0 0.6266553412151578
5014.0 0.6225908263842778
5016.0 0.6275794865603684
5018.0 0.635471371615659
5020.0 0.6362791005176939
5022.0 0.6441911069335334
5024.0 0.6361856799151454
5026.0 0.6404945255526906
5028.0 0.6444023812192969
5030.0 0.6529783925332506
5032.0 0.6463843352333647
5034.0 0.649704359723935
5036.0 0.6531149303369753
5038.0 0.6440200753688677
5040.0 0.6519004625038446
5042.0 0.6514764766922783
5044.0 0.6565614319509958
5046.0 0.6624268085510034
5048.0 0.6694017344612793
5050.0 0.6676597995337594
5052.0 0.6641126911169942
5054.0 0.6635464185415464
5056.0 0.6626682648775902
5058.0 0.6705500892526065
5060.0 0.676070528243204
5062.0 0.6738902351037257
5064.0 0.678178959380722
5066.0 0.6735841029753744
5068.0 0.6675405086105051
5070.0 0.6747597653274464
5072.0 0.6679012558603462
5074.0 0.668313743751599
5076.0 0.6608228486672473
5078.0 0.666123389931846
5080.0 0.6629858949262553
5082.0 0.6624972333129245
5084.0 0.6666637921865882
5086.0 0.6631123720497055
5088.0 0.6764169030926531
5090.0 0.6764686437340646
5092.0 0.6704796644906853
5094.0 0.671403809835896
5096.0 0.6657798895624754
5098.0 0.6791692177677363
5100.0 0.6737925027810596
5102.0 0.6711494183489563
5104.0 0.6769774267079443
5106.0 0.6794882850564404
5108.0 0.6837065845715157
5110.0 0.6815421010724686
5112.0 0.6925628576931148
5114.0 0.6831575588765383
5116.0 0.692758322338447
5118.0 0.6915697248260222
5120.0 0.6873629232312606
5122.0 0.6860004196740915
5124.0 0.6864416523661283
5126.0 0.6810131967380401
5128.0 0.6878099048834543
5130.0 0.6855376283814666
5132.0 0.6838416851352013
5134.0 0.6826818324235604
5136.0 0.6797297413830273
5138.0 0.6749451692925043
5140.0 0.6735682933349431
5142.0 0.6718134232470703
5144.0 0.6692695083776722
5146.0 0.6661636326529439
5148.0 0.6587014823693764
5150.0 0.6612913889200291
5152.0 0.6512508300061226
5154.0 0.6416141355432335
5156.0 0.6504704086648327
5158.0 0.6399138805768506
5160.0 0.6391205240752079
5162.0 0.6424491720060135
5164.0 0.6318035350356005
5166.0 0.6274645073572318
5168.0 0.62656048337257
5170.0 0.6247711195237561
5172.0 0.6239691395818783
5174.0 0.6191630088907669
5176.0 0.6080574551078074
5178.0 0.6081091957492188
5180.0 0.6116548669259448
5182.0 0.598009709993705
5184.0 0.5973155230547675
5186.0 0.5970553826076709
5188.0 0.6032153934157161
5190.0 0.609230242979801
5192.0 0.602856083405914
5194.0 0.600284860975771
5196.0 0.5950763030736816
5198.0 0.5937827870383945
5200.0 0.5953608766014448
5202.0 0.5936088809936504
5204.0 0.6000045991681254
5206.0 0.598715394852956
5208.0 0.593081413899261
5210.0 0.5976863309848831
5212.0 0.5989525394594253
5214.0 0.5999370488862826
5216.0 0.5960090718591274
5218.0 0.5995949857569512
5220.0 0.5986061646099763
5222.0 0.6107335960608125
5224.0 0.6083492148357665
5226.0 0.6075601700542415
5228.0 0.613370931532759
5230.0 0.6138797145066386
5232.0 0.6189876656059835
5234.0 0.6124137296666466
5236.0 0.6178565576951269
5238.0 0.6109851130676739
5240.0 0.6137906056242077
5242.0 0.6138337228253841
5244.0 0.6219613152471047
5246.0 0.635983029069617
5248.0 0.6260387652383375
5250.0 0.6191543854505317
5252.0 0.6172845361595222
5254.0 0.617566235207207
5256.0 0.6269011092618623
5258.0 0.6133235026114652
5260.0 0.6210960967435015
5262.0 0.6140665557117357
5264.0 0.6173276533606984
5266.0 0.6248746008065791
5268.0 0.6176036034482264
5270.0 0.6172888478796398
5272.0 0.6186599748770442
5274.0 0.6172356699981891
5276.0 0.6136353836999733
5278.0 0.6130101842829178
5280.0 0.6086050435627456
5282.0 0.6136497561003653
5284.0 0.6214927749943229
5286.0 0.6093639063034474
5288.0 0.6141499156340097
5290.0 0.6111460839520653
5292.0 0.6161936709697634
5294.0 0.621935444926399
5296.0 0.6177688860527353
5298.0 0.6223579934979261
5300.0 0.6146673220481246
5302.0 0.6199563653924096
5304.0 0.6093021049817615
5306.0 0.6153140800657682
5308.0 0.6073373978481642
5310.0 0.6035373351844985
5312.0 0.6068429872746767
5314.0 0.5998723730845184
5316.0 0.6068602341551472
5318.0 0.6045462776920224
5320.0 0.6023386769917992
5322.0 0.5939221993221977
5324.0 0.5946652524224681
5326.0 0.5866454530036881
5328.0 0.5829876771039039
5330.0 0.5901623793796298
5332.0 0.5888401185435584
5334.0 0.584654875549385
5336.0 0.5889392881062638
5338.0 0.5758172865482956
5340.0 0.5881473688446602
5342.0 0.5898404376108471
5344.0 0.5752826332537103
5346.0 0.5696601502203289
5348.0 0.5750900430884565
5350.0 0.5727617142249396
5352.0 0.5677112527271629
5354.0 0.5599242861947346
5356.0 0.5559000140849524
5358.0 0.5566689375059286
5360.0 0.5596727691878732
5362.0 0.5672714572751654
5364.0 0.555503335834131
5366.0 0.5594327501013254
5368.0 0.5614592585566086
5370.0 0.5508366174268229
5372.0 0.5653484301027052
5374.0 0.5700712008715424
5376.0 0.5583691924723115
5378.0 0.5582297801885084
5380.0 0.5578216040173735
5382.0 0.5638450770216937
5384.0 0.568471552707904
5386.0 0.5669279569057947
5388.0 0.5659391357588196
5390.0 0.5657508573136835
5392.0 0.5771510453046805
5394.0 0.5743326175877939
5396.0 0.5742665045459903
5398.0 0.5795138679291384
5400.0 0.5814110247808928
5402.0 0.5803532161120357
5404.0 0.5803977705532513
5406.0 0.5819456780754781
5408.0 0.5835050835180187
5410.0 0.5874733032662718
5412.0 0.5871772318181949
5414.0 0.5905878024312353
5416.0 0.5957647410524621
5418.0 0.5972134790119837
5420.0 0.6063356415408363
5422.0 0.6103570391705401
5424.0 0.6056270822015069
5426.0 0.6030616087315207
5428.0 0.6079338524644355
5430.0 0.6104907024941864
5432.0 0.6096369819108969
5434.0 0.6111978245934767
5436.0 0.6054891071577428
5438.0 0.6076018500153786
5440.0 0.6127586672760565
5442.0 0.6056400173618598
5444.0 0.5994023955916974
5446.0 0.6004070263791037
5448.0 0.60518584950947
5450.0 0.6066805791502462
5452.0 0.608061766827925
5454.0 0.6068918534360098
5456.0 0.6011012133180412
5458.0 0.5986076018500154
5460.0 0.6021475240665844
5462.0 0.6071218118422831
5464.0 0.608393769276982
5466.0 0.6082371101127084
5468.0 0.6054129334356648
5470.0 0.5986363466507996
5472.0 0.5933084978254559
5474.0 0.5864097456372579
5476.0 0.5832061375898635
5478.0 0.5881444943645818
5480.0 0.5973083368545715
5482.0 0.6004213987794957
5484.0 0.5994225169522464
5486.0 0.6016315548925089
5488.0 0.6070772574010677
5490.0 0.6091468830575271
5492.0 0.6065713489072665
5494.0 0.6026261249996407
5496.0 0.5996725967190685
5498.0 0.5964991707124975
5500.0 0.5960349421798332
5502.0 0.5988562443767984
5504.0 0.5998220696831461
5506.0 0.5990703931426403
5508.0 0.5994843182739322
5510.0 0.6028000310443848
5512.0 0.6068760437955785
5514.0 0.6076737120173389
5516.0 0.6060553797331908
5518.0 0.6055782160401737
5520.0 0.6049070249418637
5522.0 0.6047661754180214
5524.0 0.6055063540382134
5526.0 0.6061099948546806
5528.0 0.6060208859722499
5530.0 0.6054876699177038
5532.0 0.603527274504224
5534.0 0.5989899077004447
5536.0 0.5969619620051223
5538.0 0.5968254242013976
5540.0 0.5962519654257538
5542.0 0.5942067728499608
5544.0 0.5924145345210685
5546.0 0.5934206025485141
5548.0 0.5968599179623386
5550.0 0.5976389020635893
5552.0 0.5967320035988491
5554.0 0.5962275323450871
5556.0 0.595549155046581
5558.0 0.5952559580785826
5560.0 0.5964948589923799
5562.0 0.5980815719956653
5564.0 0.5953479414410918
5566.0 0.5871341146170186
5568.0 0.5846951182704828
5570.0 0.5856652552969482
5572.0 0.5871010580961169
5574.0 0.5900315905360618
5576.0 0.5923857897202844
5578.0 0.5910347840834289
5580.0 0.5870565036549014
5582.0 0.5852585163658524
5584.0 0.5850458048400495
5586.0 0.5831242149076286
5588.0 0.5797510125356077
5590.0 0.576248458560058
5592.0 0.572916936149174
5594.0 0.569605535098839
5596.0 0.5665140317745028
5598.0 0.5630890887610703
5600.0 0.5617179617636661
5602.0 0.5636927295775377
5604.0 0.5627872683528368
5606.0 0.5582714601496455
5608.0 0.5533158564944566
5610.0 0.5498492335198871
5612.0 0.5469402596805303
5614.0 0.5451250255110107
5616.0 0.5459226937327711
5618.0 0.5435354380276468
5620.0 0.5378899591536381
5622.0 0.5337234002799743
5624.0 0.5323163422815899
5626.0 0.5318880447499059
5628.0 0.5308963491228524
5630.0 0.5303760682286592
5632.0 0.5274196654680084
5634.0 0.5206358924829472
5636.0 0.5173906044744156
5638.0 0.5178605819672367
5640.0 0.5185562061462133
5642.0 0.5178821405678248
5644.0 0.5167452836968114
5646.0 0.515290796777133
5648.0 0.5130716981565959
5650.0 0.5116057133166039
5652.0 0.5114088114312324
5654.0 0.5096338199828107
5656.0 0.5049915346561691
5658.0 0.5003205045287434
5660.0 0.4987999045672615
5662.0 0.49927419378020005
5664.0 0.49856994616098815
5666.0 0.49790450402283487
5668.0 0.4967173437504491
5670.0 0.4942869708441486
5672.0 0.4928669776854112
5674.0 0.49371207482846546
5676.0 0.49550000143724005
5678.0 0.4959857885704923
5680.0 0.4964485798631173
5682.0 0.49482737309889074
5684.0 0.48994363144566233
5686.0 0.487342226974696
5688.0 0.48751900749951854
5690.0 0.4881614537970445
5692.0 0.48755062678038114
5694.0 0.4865230001523475
5696.0 0.48715969748971655
5698.0 0.490176464332014
5700.0 0.49073267622718747
5702.0 0.4895426414747233
5704.0 0.4882793074802595
5706.0 0.48696998180454115
5708.0 0.4858187525331356
5710.0 0.4857008988499205
5712.0 0.4863433451474465
5714.0 0.48721287537116725
5716.0 0.4884316549244156
5718.0 0.4901477195312298
5720.0 0.49295033760768525
5722.0 0.4953074112719862
5724.0 0.49621862145684403
5726.0 0.49633072617990226
5728.0 0.4967000968699787
5730.0 0.49657361974652836
5732.0 0.4973597900479751
5734.0 0.49902267677333867
5736.0 0.5004484188922329
5738.0 0.5016887570460693
5740.0 0.5026459589121818
5742.0 0.5029923337616309
5744.0 0.5028328001172788
5746.0 0.5025999672309271
5748.0 0.5019733305738325
5750.0 0.5015378468419525
5752.0 0.5012187795532483
5754.0 0.5008810281440345
5756.0 0.5004512933723113
5758.0 0.5000028744800784
5760.0 0.49959757278902184
5762.0 0.4987840949268301
5764.0 0.49955301834780635
5766.0 0.5026301492717504
5768.0 0.5039524101078218
5770.0 0.5030095806421014
5772.0 0.5017333114872848
5774.0 0.5017074411665791
5776.0 0.5021946655398705
5778.0 0.5009514529059557
5780.0 0.4970507834395454
5782.0 0.4962013745763735
5784.0 0.497663047696248
5786.0 0.49928712894055294
5788.0 0.5012906415552087
5790.0 0.5029132855594745
5792.0 0.5017031294464614
5794.0 0.497704727657385
5796.0 0.49685388155417387
5798.0 0.49785851234158024
5800.0 0.4988875762096531
5802.0 0.500048866161333
5804.0 0.5017404976874809
5806.0 0.504859308572562
5808.0 0.5085602016735223
5810.0 0.5083173081068962
5812.0 0.503380388572217
5814.0 0.5024303729063005
5816.0 0.5048679320127972
5818.0 0.5049742877756986
5820.0 0.5007099965793688
5822.0 0.49622149593692244
5824.0 0.49627467381837315
5826.0 0.4992900034206313
5828.0 0.5002587032070575
5830.0 0.5009083357047794
5832.0 0.500947141185838
5834.0 0.49957601418843367
5836.0 0.4990614822543973
5838.0 0.501188597512425
5840.0 0.5040257093498214
5842.0 0.5029262207198273
5844.0 0.49809996866816714
5846.0 0.4964212723023724
5848.0 0.4966512307086456
5850.0 0.4962085607765696
5852.0 0.4953907711942603
5854.0 0.49393772151462106
5856.0 0.4912170261204005
5858.0 0.4874960116588912
5860.0 0.4843772007738101
5862.0 0.4809982494416323
5864.0 0.4784255897714501
5866.0 0.4771795026574569
5868.0 0.4750523873994292
5870.0 0.4713486198183904
5872.0 0.4668859894966498
5874.0 0.46258433005930055
5876.0 0.45831572714285307
5878.0 0.4526515641483347
5880.0 0.44519085110480644
5882.0 0.43859823104495976
5884.0 0.4320516026663678
5886.0 0.4266605152792989
5888.0 0.4240361149677052
5890.0 0.42295962217833855
5892.0 0.4181089370460118
5894.0 0.40929865560566736
5896.0 0.4039679323002452
5898.0 0.39976687966564045
5900.0 0.3971697869147918
5902.0 0.3977015657292987
5904.0 0.3982549031443938
5906.0 0.3944174722397087
5908.0 0.3876480716550394
5910.0 0.3820356493019325
5912.0 0.3763901704279239
5914.0 0.37026752786089817
5916.0 0.363077015944741
5918.0 0.35659793784799176
5920.0 0.3516581438332342
5922.0 0.347626685523256
5924.0 0.34385680490041365
5926.0 0.34096507794152736
5928.0 0.3373001158415472
5930.0 0.33301857776474686
5932.0 0.3291610254995128
5934.0 0.3259559802120791
5936.0 0.3227451859644887
5938.0 0.3189839287818816
5940.0 0.31491653947092324
5942.0 0.31085058740000404
5944.0 0.30615799867199023
5946.0 0.30259939233491145
5948.0 0.2999390610223376
5950.0 0.29760210871858556
5952.0 0.29548217966075385
5954.0 0.293651135850803
5956.0 0.2920529249272038
5958.0 0.2907162916907405
5960.0 0.2895966817001975
5962.0 0.2892862378517286
5964.0 0.2879797866560886
5966.0 0.28589003963908033
5968.0 0.2830730491622328
5970.0 0.27912351353448944
5972.0 0.2743863703652602
5974.0 0.27120575815849307
5976.0 0.26881993969340795
5978.0 0.2670047055238884
5980.0 0.2661394870202852
5982.0 0.2653202601979367
5984.0 0.2646231987789209
5986.0 0.26384421467767016
5988.0 0.2623782298376781
5990.0 0.2602884828206698
5992.0 0.2593255319944005
5994.0 0.25907976394769594
5996.0 0.2590395212265982
5998.0 0.25984006392843695
6000.0 0.2600887064552199
6002.0 0.2588296841808738
6004.0 0.25692821560900175
6006.0 0.2562857693114758
6008.0 0.2567198158033166
6010.0 0.2560270661044184
6012.0 0.25383814952470474
6014.0 0.25325894178890396
6016.0 0.25486146443262075
6018.0 0.2570087010511974
6020.0 0.2587333890982469
6022.0 0.2605759308285114
6024.0 0.25981563084777043
6026.0 0.2553012598846184
6028.0 0.2539200722069396
6030.0 0.25453377370368135
6032.0 0.2556289506135578
6034.0 0.25723291049731384
6036.0 0.25898059438499066
6038.0 0.2593413416348318
6040.0 0.258402823889229
6042.0 0.2589734081847946
6044.0 0.26046957506561
6046.0 0.2619873005470136
6048.0 0.263704802393867
6050.0 0.2654611097217791
6052.0 0.2672691576911026
6054.0 0.26907145670026933
6056.0 0.2697512712388147
6058.0 0.26852099376525274
6060.0 0.2694480135905418
6062.0 0.27148458272609943
6064.0 0.27423114844102575
6066.0 0.27794353946229977
6068.0 0.2820784790551009
6070.0 0.28584548519786485
6072.0 0.28973609398400063
6074.0 0.2923633687756727
6076.0 0.29429789386844657
6078.0 0.2951429910115008
6080.0 0.2937790502142925
6082.0 0.29327889068064816
6084.0 0.2953729494177741
6086.0 0.2987533379899911
6088.0 0.30140648310236884
6090.0 0.30411424333623654
6092.0 0.3066912147265364
6094.0 0.30883557686503454
6096.0 0.31161807358094107
6098.0 0.31493522359143294
6100.0 0.3189149412599996
6102.0 0.3241795515236182
6104.0 0.3306183868992696
6106.0 0.3346110397281892
6108.0 0.3374035971243701
6110.0 0.338875330924519
6112.0 0.3379828048601709
6114.0 0.33764649069099634
6116.0 0.3387747241217745
6118.0 0.34055977625047074
6120.0 0.3424669937824996
6122.0 0.3447220234040168
6124.0 0.34722569555231697
6126.0 0.3499118971855966
6128.0 0.3530781369919716
6130.0 0.356724414971442
6132.0 0.3607644967216555
6134.0 0.36529467732523885
6136.0 0.37023015961987876
6138.0 0.37456918729824745
6140.0 0.3790102590193999
6142.0 0.3823590283107543
6144.0 0.3850682257846612
6146.0 0.3868259703526125
6148.0 0.3870329329182584
6150.0 0.38682884483269087
6152.0 0.38796570170370437
6154.0 0.38981974135428255
6156.0 0.3916249148435277
6158.0 0.3936887915398302
6160.0 0.3958202185179756
6162.0 0.3980493778187871
6164.0 0.40038201840242144
6166.0 0.40310271379664203
6168.0 0.4058550284717252
6170.0 0.40706662182477743
6172.0 0.4063091963241149
6174.0 0.40760702407951965
6176.0 0.4097772565387236
6178.0 0.41275521789996233
6180.0 0.4174291225074665
6182.0 0.42186300802842286
6184.0 0.42385502272276504
6186.0 0.4243091905751547
6188.0 0.4246009503031139
6190.0 0.4233390535486894
6192.0 0.4236121291561389
6194.0 0.4257119368534216
6196.0 0.42691059504612106
6198.0 0.42563720037138286
6200.0 0.4237687883204126
6202.0 0.4248610907502106
6204.0 0.42863815757324897
6206.0 0.42953930707783233
6208.0 0.4293840851535979
6210.0 0.42785198727180224
6212.0 0.4234985871930415
6214.0 0.41983506233310053
6216.0 0.41983937405321814
6218.0 0.42196792655128507
6220.0 0.42303723314045577
6222.0 0.42491139415158286
6224.0 0.4249890051137001
6226.0 0.42334192802876786
6228.0 0.42183857494775634
6230.0 0.42051918859176346
6232.0 0.41953180468482765
6234.0 0.41984656025341416
6236.0 0.4215698110604245
6238.0 0.4209920405646629
6240.0 0.4186579627409892
6242.0 0.41660989568511797
6244.0 0.41412059593720985
6246.0 0.4121573260436519
6248.0 0.41112107597538294
6250.0 0.41086524724840395
6252.0 0.4121875080844753
6254.0 0.41667600872692157
6256.0 0.4169749546550768
6258.0 0.4134565910390958
6260.0 0.41150194458577305
6262.0 0.41162267274906655
6264.0 0.4124677698921208
6266.0 0.41348677307991916
6268.0 0.415089295723636
6270.0 0.41470267815308903
6272.0 0.41190149731667286
6274.0 0.41088968032907053
6276.0 0.41085662380816873
6278.0 0.4114329570638911
6280.0 0.4128601364228246
6282.0 0.414688305752697
6284.0 0.4154672898539477
6286.0 0.4151252267246162
6288.0 0.4167320610884506
6290.0 0.41970714796961106
6292.0 0.42292944013751516
6294.0 0.4270801893707476
6296.0 0.4308098272724921
6298.0 0.43267105312326637
6300.0 0.43339973382314473
6302.0 0.43553690976144693
6304.0 0.4388023191305273
6306.0 0.44117089071514193
6308.0 0.4435107174989724
6310.0 0.44494939477821954
6312.0 0.44486890933602385
6314.0 0.4443112602008112
6316.0 0.44488328173641595
6318.0 0.44607331648888016
6320.0 0.44690979019169913
6322.0 0.4473812049245593
6324.0 0.44850368939518065
6326.0 0.45097286778253987
6328.0 0.45262425658758976
6330.0 0.45203498817151455
6332.0 0.45018813472113234
6334.0 0.4489506710473743
6336.0 0.4469658425532282
6338.0 0.44685804955028763
6340.0 0.4490742736907462
6342.0 0.4500041679961137
6344.0 0.44877245328251253
6346.0 0.44731940360287337
6348.0 0.4474243221257355
6350.0 0.44833265783051496
6352.0 0.4497411530689387
6354.0 0.4526530013883739
6356.0 0.4541046138279739
6358.0 0.45496839509153786
6360.0 0.45464214160263766
6362.0 0.4524000471414733
6364.0 0.4491662570532555
6366.0 0.4470592631557767
6368.0 0.4449479575381803
6370.0 0.444413304243595
6372.0 0.44532163994837437
6374.0 0.44660653254342625
6376.0 0.4485999844778076
6378.0 0.4507515328165018
6380.0 0.4525423339053549
6382.0 0.45422103027114974
6384.0 0.45581061775451365
6386.0 0.45762728916407247
6388.0 0.45858017931006734
6390.0 0.45870809367355686
6392.0 0.45871959159387043
6394.0 0.458522689708499
6396.0 0.4584033987852447
6398.0 0.45913351672516234
6400.0 0.46048452236201776
6402.0 0.46192319964126494
6404.0 0.46418541546297815
6406.0 0.46547605701818684
6408.0 0.4659905889522233
6410.0 0.46592878763053736
6412.0 0.46490116100250367
6414.0 0.463354690720316
6416.0 0.4638994046951758
6418.0 0.4663556479221821
6420.0 0.46791217888464426
6422.0 0.46961099661098804
6424.0 0.47083265064431473
6426.0 0.471490906582272
6428.0 0.4717697311498783
6430.0 0.4717208649885452
6432.0 0.47124513853556743
6434.0 0.47125951093595947
6436.0 0.47120058409435195
6438.0 0.47192782755419116
6440.0 0.4743811963011191
6442.0 0.47558416621393607
6444.0 0.4736769486819072
6446.0 0.4705782591573749
6448.0 0.4701212168249068
6450.0 0.471380239099253
6452.0 0.4719896288758771
6454.0 0.47431508325931554
6456.0 0.4733636303533598
6458.0 0.4675140633937837
6460.0 0.4613957325468756
6462.0 0.45859886343057704
6464.0 0.4574346989988186
6466.0 0.4573096591154075
6468.0 0.46060381328527206
6470.0 0.4599800511082558
6472.0 0.45624753872643287
6474.0 0.4525265242649236
6476.0 0.44869340508035616
6478.0 0.4455257280339419
6480.0 0.4458577304829989
6482.0 0.4494925105421557
6484.0 0.4505848129719537
6486.0 0.4504353400078761
6488.0 0.45074865833642347
6490.0 0.45190132484786816
6492.0 0.45234543201998345
6494.0 0.4504281538076801
6496.0 0.447427196605814
6498.0 0.4484188922328674
6500.0 0.4531948408831553
6502.0 0.4559212852375327
6504.0 0.45955031633653265
6506.0 0.46049314580225303
6508.0 0.4573858328374855
6510.0 0.45297063143703886
6512.0 0.4500314755568587
6514.0 0.4472231085202464
6516.0 0.4462486597736635
6518.0 0.4470578259157375
6520.0 0.4480049671015755
6522.0 0.449791456470311
6524.0 0.45145290595563525
6526.0 0.452972068677078
6528.0 0.4540672455869545
6530.0 0.45291170459543134
6532.0 0.44914469845266736
6534.0 0.44741857316557865
6536.0 0.446196919132252
6538.0 0.44585341876288126
6540.0 0.4469457211926793
6542.0 0.44814150490530025
6544.0 0.448285228909221
6546.0 0.44791442097910544
6548.0 0.4470664493559728
6550.0 0.4455242907939027
6552.0 0.4439720715515581
6554.0 0.44142528220208177
6556.0 0.44012314272655934
6558.0 0.44132323815929797
6560.0 0.4432419536116405
6562.0 0.44295163112372055
6564.0 0.441150769354593
6566.0 0.4405586264584394
6568.0 0.44051119753714546
6570.0 0.4404192141746362
6572.0 0.44021512608906865
6574.0 0.4402668667304801
6576.0 0.44119532379580845
6578.0 0.4424974632713308
6580.0 0.4414813345636108
6582.0 0.4371193110446149
6584.0 0.4364811764672065
6586.0 0.43931972554464216
6588.0 0.4403387287324405
6590.0 0.43825329343554986
6592.0 0.4354492381190552
6594.0 0.4342247096056501
6596.0 0.43366706047043746
6598.0 0.43322295329832217
6600.0 0.4332430746588711
6602.0 0.43316690093679305
6604.0 0.4336771211507119
6606.0 0.4332833173799689
6608.0 0.43099091951743235
6610.0 0.4277240729083127
6612.0 0.4253569385637373
6614.0 0.42292081669727993
6616.0 0.42161580274167915
6618.0 0.42232723656108706
6620.0 0.42129242373285736
6622.0 0.4173069571041338
6624.0 0.41357588196235007
6626.0 0.4130254190273335
6628.0 0.4143836108643849
6630.0 0.4150246199218716
6632.0 0.4166659480466471
6634.0 0.4165222240427263
6636.0 0.4147141760734027
6638.0 0.4128299543820012
6640.0 0.4114272081037343
6642.0 0.4098678026611937
6644.0 0.40721465754881586
6646.0 0.40318894819899453
6648.0 0.40148581875253314
6650.0 0.40190549284398186
6652.0 0.40146569739198423
6654.0 0.40016786963657947
6656.0 0.39893615492297835
6658.0 0.39845467950984365
6660.0 0.3982865224252563
6662.0 0.39690102302745994
6664.0 0.39370460118026157
6666.0 0.39265254147156137
6668.0 0.3937922728226532
6670.0 0.3936542977788893
6672.0 0.3910011526665115
6674.0 0.3880907415871155
6676.0 0.3877961073790778
6678.0 0.3894331237837356
6680.0 0.3883825013150747
6682.0 0.3843366706047044
6684.0 0.38311070485126003
6686.0 0.3849920520625832
6688.0 0.3863761142203404
6690.0 0.3856014418392073
6692.0 0.38386094415172656
6694.0 0.382446699953146
6696.0 0.3807953111480961
6698.0 0.37927758566669256
6700.0 0.3773991129354478
6702.0 0.37631112222576746
6704.0 0.37662444055431477
6706.0 0.37685583620062724
6708.0 0.3754875836833013
6710.0 0.3731434451793532
6712.0 0.37153804805555796
6714.0 0.3698967199307825
6716.0 0.36888346570314096
6718.0 0.36871387137851447
6720.0 0.3683574358487908
6722.0 0.36720764381742454
6724.0 0.36605641454601906
6726.0 0.36643009695621304
6728.0 0.36846666609177064
6730.0 0.36815191052318413
6732.0 0.3661095924274697
6734.0 0.3642886092977933
6736.0 0.36229515736341195
6738.0 0.36051441695483327
6740.0 0.35913754099727213
6742.0 0.3581171005694345
6744.0 0.35853821190092244
6746.0 0.36049860731440203
6748.0 0.3623684566054115
6750.0 0.36559506049343327
6752.0 0.3673987967426392
6754.0 0.3670524218931901
6756.0 0.3657502824176677
6758.0 0.36461342554665427
6760.0 0.36307557870470175
6762.0 0.3619789645547862
6764.0 0.3611942314933787
6766.0 0.36027008614816797
6768.0 0.35917347199825234
6770.0 0.35819758601163015
6772.0 0.35714552630292995
6774.0 0.356357918761444
6776.0 0.35757813555473156
6778.0 0.3615132987820828
6780.0 0.3626544673732139
6782.0 0.3623598331651763
6784.0 0.36151617326216123
6786.0 0.35965063569126937
6788.0 0.3577304829988876
6790.0 0.35685376657497075
6792.0 0.35653038756614897
6794.0 0.35668273501030506
6796.0 0.3580323034071212
6798.0 0.3582751969737474
6800.0 0.3580121820465723
6802.0 0.35709378566151845
6804.0 0.35527998873203814
6806.0 0.3529142916275019
6808.0 0.3506218937649653
6810.0 0.34777184676721595
6812.0 0.3464150921702038
6814.0 0.34618513376393045
6816.0 0.34624693508561644
6818.0 0.34686782278255424
6820.0 0.3476281227632952
6822.0 0.34825475942038986
6824.0 0.34886702367709244
6826.0 0.34895756979956255
6828.0 0.34903374352164057
6830.0 0.3479673114125483
6832.0 0.3455211288658164
6834.0 0.3432890950849265
6836.0 0.34124246526909446
6838.0 0.3396097605845543
6840.0 0.3391757140927135
6842.0 0.3396873715466715
6844.0 0.34062445205223507
6846.0 0.342497175823323
6848.0 0.34420174250982355
6850.0 0.34659618441514395
6852.0 0.34797880933286196
6854.0 0.34742259743768844
6856.0 0.34552687782597324
6858.0 0.342725696989557
6860.0 0.33724262623997886
6862.0 0.33554955747379195
6864.0 0.33586862476249607
6866.0 0.3377284133732311
6868.0 0.34354779829198395
6870.0 0.348096663016077
6872.0 0.34490455288899624
6874.0 0.33638028221645416
6876.0 0.3303510602519769
6878.0 0.3223959366349612
6880.0 0.3185326354095703
6882.0 0.3184607734076099
6884.0 0.31925412990925267
6886.0 0.32097450623618456
6888.0 0.32279980108597855
6890.0 0.32087677391351843
6892.0 0.31519680127856875
6894.0 0.3132752113461478
6896.0 0.3136632661567339
6898.0 0.313677638557126
6900.0 0.31353822627332284
6902.0 0.3133772553889316
6904.0 0.312806671093366
6906.0 0.3120650552331347
6908.0 0.3135123559526171
6910.0 0.3183242356038852
6912.0 0.31972267016203443
6914.0 0.3192526926692135
6916.0 0.31790456151243646
6918.0 0.3154066383242931
6920.0 0.3123999321622702
6922.0 0.30991781861455814
6924.0 0.3069527924136722
6926.0 0.30778782887645195
6928.0 0.31281385729356204
6930.0 0.31643139047224833
6932.0 0.32024151381618854
6934.0 0.32255834475939166
6936.0 0.32161407805363207
6938.0 0.31888907093929386
6940.0 0.31879277585666693
6942.0 0.32082647051214613
6944.0 0.32072442646936233
6946.0 0.31925412990925267
6948.0 0.31789450083216203
6950.0 0.3165636165558555
6952.0 0.31537501904343057
6954.0 0.3144494364581807
6956.0 0.31358134347449906
6958.0 0.3149898387129228
6960.0 0.31948840003564355
6962.0 0.3219863232237869
6964.0 0.32353710522609225
6966.0 0.32436639272871526
6968.0 0.3241306853622851
6970.0 0.3233890695020538
6972.0 0.32380730635346333
6974.0 0.3254141407172978
6976.0 0.324980094225457
6978.0 0.3219532667028851
6980.0 0.3210693640787723
6982.0 0.32225364987107963
6984.0 0.32463946833616475
6986.0 0.3287514120883386
6988.0 0.3342675393588185
6990.0 0.33448312536469965
6992.0 0.3292400737016692
6994.0 0.3268930607176427
6996.0 0.3256484108436887
6998.0 0.32412493640212825
7000.0 0.3213266300457905
7002.0 0.31892643918031327
7004.0 0.319739917042505
7006.0 0.323279839259074
7008.0 0.32510225962878964
7010.0 0.3264130225445473
7012.0 0.32786032326402964
7014.0 0.3294067935462173
7016.0 0.33089289974675834
7018.0 0.33231720462561337
7020.0 0.3336480889019199
7022.0 0.33455211288658165
7024.0 0.33552799887320384
7026.0 0.3351413813026569
7028.0 0.33348855525756776
7030.0 0.3315367832843235
7032.0 0.32854157504261416
7034.0 0.3260608987349414
7036.0 0.3263052295416067
7038.0 0.3285070812816732
7040.0 0.33020733624805615
7042.0 0.3325902802330629
7044.0 0.33442419852309213
7046.0 0.3361431376099848
7048.0 0.3373001158415472
7050.0 0.33761487141013374
7052.0 0.3373806012837428
7054.0 0.33715064287746954
7056.0 0.33685025970927507
7058.0 0.3358427544417904
7060.0 0.3330243267249037
7062.0 0.332363196306868
7064.0 0.33485680777489374
7066.0 0.3374107833245662
7068.0 0.3375990617697024
7070.0 0.3365757468617864
7072.0 0.3358427544417904
7074.0 0.3340490788728589
7076.0 0.3340303947523492
7078.0 0.3356516015165757
7080.0 0.33717076423801845
7082.0 0.3386482469983242
7084.0 0.3396873715466715
7086.0 0.3388120923627939
7088.0 0.3360755873281421
7090.0 0.3349732242180696
7092.0 0.3351428185426961
7094.0 0.33423592007795594
7096.0 0.33191190293455675
7098.0 0.3299069530798617
7100.0 0.3292688185024534
7102.0 0.329342117744453
7104.0 0.3291092848581013
7106.0 0.328726979007672
7108.0 0.32896412361414135
7110.0 0.32954764307005974
7112.0 0.3306155124191912
7114.0 0.33260896435357257
7116.0 0.33460960248814997
7118.0 0.33550500303257647
7120.0 0.3357723296798692
7122.0 0.33542595483042004
7124.0 0.33482375125399194
7126.0 0.332784307638356
7128.0 0.3285990646441825
7130.0 0.32479181578032074
7132.0 0.3220236914648063
7134.0 0.3200489236509347
7136.0 0.3199784988890135
7138.0 0.32217747614900155
7140.0 0.3230642532531928
7142.0 0.3231964793368
7144.0 0.3241996728841671
7146.0 0.3266501671510166
7148.0 0.32894400225359244
7150.0 0.3300147460828023
7152.0 0.3303769305726827
7154.0 0.32859187844398646
7156.0 0.3246538407365568
7158.0 0.32023289037595326
7160.0 0.3137523750391648
7162.0 0.3083842834927233
7164.0 0.3042105384188635
7166.0 0.30167668422974
7168.0 0.3030679325876932
7170.0 0.30842165173374264
7172.0 0.31189689814854743
7174.0 0.31649606627401267
7176.0 0.31855994297031526
7178.0 0.31797498627435766
7180.0 0.3163135367890333
7182.0 0.31416055121029984
7184.0 0.3112946945721193
7186.0 0.3089189367873086
7188.0 0.30647419148061594
7190.0 0.30443905958509754
7192.0 0.30192532675652295
7194.0 0.30110322545409596
7196.0 0.303349631635378
7198.0 0.3058877975446191
7200.0 0.30532727392932807
7202.0 0.3029515161445174
7204.0 0.30041191299523695
7206.0 0.2957279477074584
7208.0 0.29358646004903866
7210.0 0.2937661150539397
7212.0 0.2943568207100541
7214.0 0.29448904679366117
7216.0 0.29488285056440416
7218.0 0.29676994673588414
7220.0 0.30157751466703464
7222.0 0.30094944076990077
7224.0 0.2951271813710695
7226.0 0.2910468568997583
7228.0 0.2886552894745163
7230.0 0.2870369571903682
7232.0 0.2866187203389587
7234.0 0.2873200934780922
7236.0 0.2836493824179552
7238.0 0.2737252399472246
7240.0 0.2700847109279109
7242.0 0.27157944056868716
7244.0 0.2725510148351917
7246.0 0.271772030733941
7248.0 0.2702959852136745
7250.0 0.26821342439686224
7252.0 0.2653863732397403
7254.0 0.2624084118785015
7256.0 0.2573751972611954
7258.0 0.2556663188545772
7260.0 0.25813262276185794
7262.0 0.26090649603752925
7264.0 0.26190394062473954
7266.0 0.26218276519234585
7268.0 0.2613232956488995
7270.0 0.2581182503614659
7272.0 0.2573910069016267
7274.0 0.25920336659106785
7276.0 0.2592838520332635
7278.0 0.25689515908809996
7280.0 0.2533193058705507
7282.0 0.249167119397279
7284.0 0.24373722652915156
7286.0 0.24126086194159632
7288.0 0.24183288347720108
7290.0 0.24070177556634445
7292.0 0.23846399282529776
7294.0 0.23598331651762489
7296.0 0.23274665194932867
7298.0 0.22967383274550218
7300.0 0.23083368545714295
7302.0 0.2370396879464427
7304.0 0.2383145198612201
7306.0 0.2367321185780522
7308.0 0.23513103317437462
7310.0 0.2335328222507754
7312.0 0.2315307468761588
7314.0 0.22859015375593938
7316.0 0.22483752001356758
7318.0 0.22400248355078775
7320.0 0.2260074334054828
7322.0 0.22692008083037982
7324.0 0.22865770403778218
7326.0 0.22863327095711566
7328.0 0.22493956405635132
7330.0 0.22028434356935692
7332.0 0.21958009595014502
7334.0 0.22136802255891966
7336.0 0.2230481561647537
7338.0 0.2269387649508895
7340.0 0.22834438570923485
7342.0 0.2266024507817149
7344.0 0.22476134629148953
7346.0 0.22505454325948795
7348.0 0.2261712787699525
7350.0 0.2249151309756848
7352.0 0.22145569420131134
7354.0 0.21911011845732406
7356.0 0.21712528996317793
7358.0 0.2148817582619744
7360.0 0.2119986547433233
7362.0 0.2091960366668679
7364.0 0.20729600533503503
7366.0 0.20581995981476853
7368.0 0.20595793485853245
7370.0 0.20818278243922633
7372.0 0.20973356444153163
7374.0 0.21140076288701282
7376.0 0.21248156739649715
7378.0 0.2124686322361443
7380.0 0.21178306873744213
7382.0 0.21120386100164135
7384.0 0.21029552529686193
7386.0 0.2096861355202378
7388.0 0.21011299581188256
7390.0 0.20880223289612493
7392.0 0.20451782033924615
7394.0 0.20029089738393568
7396.0 0.19897725998809965
7398.0 0.19934375619809766
7400.0 0.1999991376559765
7402.0 0.20261204004725644
7404.0 0.2031783126227044
7406.0 0.2021995521560038
7408.0 0.20094771608185372
7410.0 0.19945154920103828
7412.0 0.19794532163994838
7414.0 0.19757451370983273
7416.0 0.19816234488586879
7418.0 0.19824857928822126
7420.0 0.19806748704328106
7422.0 0.19829888268959353
7424.0 0.19904337302990324
7426.0 0.19986691157236935
7428.0 0.20060709019256143
7430.0 0.20131852401196934
7432.0 0.2013271474522046
7434.0 0.20030526978432778
7436.0 0.2001816671409559
7438.0 0.20026215258315155
7440.0 0.20093478092150086
7442.0 0.20254305252537447
7444.0 0.20444739557732497
7446.0 0.20573659989249446
7448.0 0.20673691895978316
7450.0 0.2078507799901693
7452.0 0.20938575235204335
7454.0 0.20994483872729522
7456.0 0.2091601056658877
7458.0 0.20862401513126314
7460.0 0.20938575235204335
7462.0 0.2105800988246251
7464.0 0.21026534325603857
7466.0 0.20862545237130237
7468.0 0.20779616486867938
7470.0 0.20661619079648968
7472.0 0.20663200043692098
7474.0 0.20824602100095146
7476.0 0.21044787274101798
7478.0 0.2125232473576342
7480.0 0.21487457206177835
7482.0 0.21591657109020407
7484.0 0.21545521703761833
7486.0 0.2158835145693023
7488.0 0.21726470224698108
7490.0 0.2178970878642326
7492.0 0.21693126255788486
7494.0 0.21535317299483459
7496.0 0.21474522045824965
7498.0 0.21448220553107458
7500.0 0.2146503626156619
7502.0 0.2155069576790298
7504.0 0.2161723998171831
7506.0 0.21702612040047256
7508.0 0.2173926166104706
7510.0 0.21633480794161355
7512.0 0.21440315732891815
7514.0 0.21449082897130983
7516.0 0.2161637763769478
7518.0 0.21748028825286228
7520.0 0.2193372023835189
7522.0 0.2207514465820995
7524.0 0.2217187091284864
7526.0 0.2221355087398567
7528.0 0.22131340743742975
7530.0 0.21900519993446185
7532.0 0.21925959142140167
7534.0 0.22190698757362262
7536.0 0.2233528510530658
7538.0 0.22406715935255211
7540.0 0.22443509280258933
7542.0 0.22431580187933509
7544.0 0.22394786842929784
7546.0 0.22466648844890183
7548.0 0.22661107422195012
7550.0 0.22730526116088753
7552.0 0.22718165851751568
7554.0 0.2271543509567707
7556.0 0.22741449140386735
7558.0 0.22749353960602378
7560.0 0.22683815814814495
7562.0 0.22559638275426933
7564.0 0.22530749750638854
7566.0 0.2253376795472119
7568.0 0.22608935608771766
7570.0 0.2275740250482194
7572.0 0.2295157363411893
7574.0 0.23239165365964431
7576.0 0.23536242882068706
7578.0 0.2360911095205655
7580.0 0.23535380538045184
7582.0 0.23372397517599006
7584.0 0.2303478983238907
7586.0 0.22730382392084833
7588.0 0.22361299150016242
7590.0 0.22109925867158778
7592.0 0.2220147805765632
7594.0 0.22515802454231093
7596.0 0.22495537369678262
7598.0 0.22378402306482817
7600.0 0.22009462788418144
7602.0 0.21178594321752053
7604.0 0.2060139872200616
7606.0 0.2033249111067036
7608.0 0.2036396666752901
7610.0 0.2096674513997281
7612.0 0.22229504238420877
7614.0 0.22729663772065228
7616.0 0.2285024821135477
7618.0 0.22814460934378494
7620.0 0.2253750477882313
7622.0 0.2214082652800175
7624.0 0.21663806558988644
7626.0 0.2110170197965443
7628.0 0.20608584922202197
7630.0 0.20077381003710956
7632.0 0.19708010313634522
7634.0 0.19450313174604544
7636.0 0.19276694577868228
7638.0 0.19251974049193854
7640.0 0.192384639928253
7642.0 0.19043143071496946
7644.0 0.18726662814863362
7646.0 0.18621744292001186
7648.0 0.1863022400823251
7650.0 0.18713727654510492
7652.0 0.18931038348438728
7654.0 0.19147917870355202
7656.0 0.19346544443773733
7658.0 0.19517576008439474
7660.0 0.19560836933619632
7662.0 0.1955120742535694
7664.0 0.19310182270781776
7666.0 0.18743622247326017
7668.0 0.18307563619430336
7670.0 0.18026583191765191
7672.0 0.17745315316092203
7674.0 0.1734317555312183
7676.0 0.1687995308848512
7678.0 0.16577988956247539
7680.0 0.16395603195272057
7682.0 0.16215373294355384
7684.0 0.1610010664321091
7686.0 0.15962850219466554
7688.0 0.15749707521652023
7690.0 0.1554777529614331
7692.0 0.1549890913481024
7694.0 0.15577382440950993
7696.0 0.1556976506874319
7698.0 0.15575082856888262
7700.0 0.15494453690688698
7702.0 0.15297839253325055
7704.0 0.15099500127914364
7706.0 0.1496957362836997
7708.0 0.14862930417460743
7710.0 0.14707852217230208
7712.0 0.14514112259944983
7714.0 0.1434237644766003
7716.0 0.1421870194228619
7718.0 0.1401406770550377
7720.0 0.1366118215867705
7722.0 0.1330352497492016
7724.0 0.13114211716955695
7726.0 0.13036140838025922
7728.0 0.12847646806883806
7730.0 0.12518030176291864
7732.0 0.12386149030294147
7734.0 0.12487014536245758
7736.0 0.12534012285527857
7738.0 0.12417538352750447
7740.0 0.12224258312277768
7742.0 0.12021478115145923
7744.0 0.11748186921690539
7746.0 0.11571363279666791
7748.0 0.11480659060792381
7750.0 0.11352069194484449
7752.0 0.11145767759256546
7754.0 0.10977438205864515
7756.0 0.10959673918979905
7758.0 0.11039728189163786
7760.0 0.11007735225891017
7762.0 0.10926761122082045
7764.0 0.1082573751972612
7766.0 0.10668546576637951
7768.0 0.10534595804983775
7770.0 0.10449137512252472
7772.0 0.1037971881835873
7774.0 0.10291328555947443
7776.0 0.10198022932602066
7778.0 0.1009939952111162
7780.0 0.09978240185806393
7782.0 0.09889260654979032
7784.0 0.09871640092098342
7786.0 0.09807596675951237
7788.0 0.0959090399523986
7790.0 0.09299963494103004
7792.0 0.09189367873085957
7794.0 0.09223890378827729
7796.0 0.09198753050541983
7798.0 0.09171086179787231
7800.0 0.09150605509228518
7802.0 0.09162491484352768
7804.0 0.09154385450531635
7806.0 0.09050602347300432
7808.0 0.08871939038026498
7810.0 0.08747833360640894
7812.0 0.08606854485194991
7814.0 0.08543860254276507
7816.0 0.08583513706958255
7818.0 0.08608665407644392
7820.0 0.08564556510841101
7822.0 0.08497739221418325
7824.0 0.08471437728700822
7826.0 0.08464122176901252
7828.0 0.08466148685356537
7830.0 0.08502985147561436
7832.0 0.08506362661653574
7834.0 0.08463978452897333
7836.0 0.08415385367171714
7838.0 0.08406187030920782
7840.0 0.08416951958814449
7842.0 0.08307894184639354
7844.0 0.08042263480592948
7846.0 0.07903239251600368
7848.0 0.07817522255662007
7850.0 0.0778463820356493
7852.0 0.07842947031955597
7854.0 0.07924280445774372
7856.0 0.07884655737893409
7858.0 0.0774854910618042
7860.0 0.07714630241255113
7862.0 0.07718740747767248
7864.0 0.07766126551859932
7866.0 0.0787767075130286
7868.0 0.07999994251039842
7870.0 0.08135540359137541
7872.0 0.08267867049547413
7874.0 0.08185182630091782
7876.0 0.07841366067912467
7878.0 0.07673855741342785
7880.0 0.07531195295051009
7882.0 0.07479512143241092
7884.0 0.0758568106493738
7886.0 0.07714730848057857
7888.0 0.07684635041636845
7890.0 0.07554751659293625
7892.0 0.07505756146357027
7894.0 0.07479727729246972
7896.0 0.07473878162287396
7898.0 0.07498296870553539
7900.0 0.07528018994564359
7902.0 0.0754351244218702
7904.0 0.07564898573970433
7906.0 0.07641216020052373
7908.0 0.07770409527176772
7910.0 0.07881479437406759
7912.0 0.08077576468356286
7914.0 0.08112415166906685
7916.0 0.0791397543469325
7918.0 0.0768059639712667
7920.0 0.07578164299532322
7922.0 0.07531511487859634
7924.0 0.07475990905145033
7926.0 0.07400521430686226
7928.0 0.0741533937549046
7930.0 0.07559710137428893
7932.0 0.07648272868644884
7934.0 0.07608130754349807
7936.0 0.07529039434992196
7938.0 0.07528263325371025
7940.0 0.07562139073095155
7942.0 0.07616667960182702
7944.0 0.07701292653691263
7946.0 0.07800217885589945
7948.0 0.07938868432172332
7950.0 0.08060171491481478
7952.0 0.08128081083334052
7954.0 0.0816125258343897
7956.0 0.08158651178968004
7958.0 0.08068521856109276
7960.0 0.08075104415488848
7962.0 0.08183860369255712
7964.0 0.08223269491130793
7966.0 0.08156308477704095
7968.0 0.08048328633558405
7970.0 0.0794348197269819
7972.0 0.0780481705371541
7974.0 0.07803566654881298
7976.0 0.07985305657839138
7978.0 0.08023320656876187
7980.0 0.07914521585908149
7982.0 0.07831233525636051
7984.0 0.07839785103869339
7986.0 0.07898424497469021
7988.0 0.08003213668727668
7990.0 0.08199943085294448
7992.0 0.08299328234005675
7994.0 0.08319765787363212
7996.0 0.0837768656094329
7998.0 0.08483611151832912
8000.0 0.08600041967409146
8002.0 0.08705463524285045
8004.0 0.0881056888835232
8006.0 0.08889703324911108
8008.0 0.08938267665835943
8010.0 0.09000356435529724
8012.0 0.09083213323790061
8014.0 0.09137124197660748
8016.0 0.09135025827203505
8018.0 0.09112360551785195
8020.0 0.09130383541876863
8022.0 0.09179048489604442
8024.0 0.09181204349663256
8026.0 0.09174521183480938
8028.0 0.0911660040990086
8030.0 0.08961004803256212
8032.0 0.08832989832963964
8034.0 0.08821132602640498
8036.0 0.08877400550175488
8038.0 0.08943096792367682
8040.0 0.09064026169266634
8042.0 0.09152746996886937
8044.0 0.0921773899145992
8046.0 0.09307968921121393
8048.0 0.09443802477226931
8050.0 0.09588460687173207
8052.0 0.09696498020920466
8054.0 0.09783738491300387
8056.0 0.09876627315034393
8058.0 0.09988329610881631
8060.0 0.1004900988533699
8062.0 0.10075354495255671
8064.0 0.1005779142197655
8066.0 0.09965305025453522
8068.0 0.09834789257493051
8070.0 0.0979924631132344
8072.0 0.09847465714638866
8074.0 0.09823406316382524
8076.0 0.09735734673990842
8078.0 0.0969886946698516
8080.0 0.09717625449496824
8082.0 0.09770271552133009
8084.0 0.09862053701036826
8086.0 0.09996766209911782
8088.0 0.10036232821388431
8090.0 0.09957946356452778
8092.0 0.0999031300213574
8094.0 0.1012926536912636
8096.0 0.10236440358850094
8098.0 0.10224611873327412
8100.0 0.10207939888872601
8102.0 0.10409699645576607
8104.0 0.10820577827985363
8106.0 0.11027755979637184
8108.0 0.11201676396781732
8110.0 0.11211363394645994
8112.0 0.10950533072330543
8114.0 0.10710758316589487
8116.0 0.10719324267223167
8118.0 0.10853418762881265
8120.0 0.10879260338786223
8122.0 0.10868825976101573
8124.0 0.10854396086107926
8126.0 0.10843257475804063
8128.0 0.10788067458298481
8130.0 0.10622483033381337
8132.0 0.1047173092566882
8134.0 0.10538059553478264
8136.0 0.1077389627151189
8138.0 0.10892626671150857
8140.0 0.10963956894296745
8142.0 0.11059346515698973
8144.0 0.11164236293760367
8146.0 0.11283297258608349
8148.0 0.1142444860285896
8150.0 0.11580187933507527
8152.0 0.11728640457157313
8154.0 0.1188133283892276
8156.0 0.12023892678411793
8158.0 0.12174084262509019
8160.0 0.12291880456122499
8162.0 0.12340315445443807
8164.0 0.1240319469715915
8166.0 0.1260128949176318
8168.0 0.12900594729928225
8170.0 0.1293677006171509
8172.0 0.12760923742918
8174.0 0.12605198784669824
8176.0 0.12299555317931869
8178.0 0.12157728470862833
8180.0 0.12327868946704265
8182.0 0.1264927893667233
8184.0 0.12890850242462396
8186.0 0.1316379649830837
8188.0 0.13352204295048134
8190.0 0.134593217951703
8192.0 0.13585727056618635
8194.0 0.1366270563311861
8196.0 0.13828189451233008
8198.0 0.14253238820428354
8200.0 0.14840940644860862
8202.0 0.15119334040455434
8204.0 0.15211892298980423
8206.0 0.1525515322416058
8208.0 0.15112291564263314
8210.0 0.15062275610898881
8212.0 0.15223246495290163
8214.0 0.15400889364136264
8216.0 0.15342968590556186
8218.0 0.15137874436961216
8220.0 0.1489684928238605
8222.0 0.14455904038357065
8224.0 0.14225327618866937
8226.0 0.1406316382524311
8228.0 0.14152703879685763
8230.0 0.14714894693422328
8232.0 0.15545906884092342
8234.0 0.15981246891968415
8236.0 0.16263664559672772
8238.0 0.16385111342985836
8240.0 0.16215517018359304
8242.0 0.16146385772473404
8244.0 0.1619985110193194
8246.0 0.16308219000888216
8248.0 0.16453092796840374
8250.0 0.16646689030121678
8252.0 0.16828212447073637
8254.0 0.17066219397566465
8256.0 0.17200888789240248
8258.0 0.17133482231401395
8260.0 0.1722690283394991
8262.0 0.1772260692347272
8264.0 0.18331996700096873
8266.0 0.18474139739974532
8268.0 0.18259128630109028
8270.0 0.1824116312961893
8272.0 0.18119572622301944
8274.0 0.18293334943042178
8276.0 0.18935924964572035
8278.0 0.19546751981235394
8280.0 0.1974365386660688
8282.0 0.19715915133850168
8284.0 0.19668055040544544
8286.0 0.19442408354388901
8288.0 0.1933533397146791
8290.0 0.1926965210167611
8292.0 0.19232427584660625
8294.0 0.19204832575907835
8296.0 0.19221217112354802
8298.0 0.19350424991879595
8300.0 0.1959489952254886
8302.0 0.19741210558540226
8304.0 0.19809910632414363
8306.0 0.19952197396295948
8308.0 0.20162609338035983
8310.0 0.20392998916321012
8312.0 0.2065055233134707
8314.0 0.20915004498561324
8316.0 0.21027252945623462
8318.0 0.2098356084843154
8320.0 0.21018485781384294
8322.0 0.20978961680306077
8324.0 0.21110469143893598
8326.0 0.21542790947687337
8328.0 0.21992503355955492
8330.0 0.2215390541235854
8332.0 0.22151749552299727
8334.0 0.2210130242692353
8336.0 0.21900376269442265
8338.0 0.21759239297592048
8340.0 0.2158720166489886
8342.0 0.215031231226052
8344.0 0.21610197505526188
8346.0 0.2178352865425466
8348.0 0.21738255593019612
8350.0 0.21506428774695377
8352.0 0.2145037641316627
8354.0 0.21437010080801638
8356.0 0.21533592611436406
8358.0 0.2184130570383082
8360.0 0.22110500763174462
8362.0 0.2209368505471573
8364.0 0.21911586741748088
8366.0 0.21972525719410502
8368.0 0.2212472943956262
8370.0 0.22408871795314025
8372.0 0.22931164825562175
8374.0 0.23362911733340233
8376.0 0.23623195904440786
8378.0 0.23810324557545656
8380.0 0.24019874155262166
8382.0 0.24255868969700106
8384.0 0.24235028989131593
8386.0 0.23990841906470167
8388.0 0.23701812934585456
8390.0 0.2322982330570958
8392.0 0.22851254279382216
8394.0 0.22756540160798416
8396.0 0.22822509478598058
8398.0 0.22843349459166576
8400.0 0.22965083690487484
8402.0 0.22915786357142653
8404.0 0.22696750975167368
8406.0 0.2254066670690939
8408.0 0.2243201135994527
8410.0 0.2240269166314543
8412.0 0.22561937859489664
8414.0 0.22894946376574138
8416.0 0.23014524747836235
8418.0 0.22947118189997387
8420.0 0.23021136052016594
8422.0 0.2320409670900776
8424.0 0.23396543150257698
8426.0 0.23590714279554686
8428.0 0.23772237696506646
8430.0 0.23828146334031833
8432.0 0.23742199379687198
8434.0 0.2378747244092225
8436.0 0.23848123970576823
8438.0 0.24023036083348426
8440.0 0.24392550497428778
8442.0 0.2475257912725036
8444.0 0.24955804868794357
8446.0 0.2507265248398196
8448.0 0.2497218940524133
8450.0 0.24493588472185096
8452.0 0.24329599383711473
8454.0 0.24384214505201374
8456.0 0.24415402614052184
8458.0 0.24336785583907514
8460.0 0.24264204961927513
8462.0 0.24364236868656386
8464.0 0.24637168752101965
8466.0 0.24660452040737132
8468.0 0.24480940759840064
8470.0 0.2437113562084458
8472.0 0.24273403298178442
8474.0 0.24231148441025732
8476.0 0.24293955830739117
8478.0 0.24427475430381532
8480.0 0.24535699605333888
8482.0 0.24633719376007865
8484.0 0.24791097160301132
8486.0 0.25111314241036653
8488.0 0.25232761024349726
8490.0 0.25059286151617327
8492.0 0.24783910960105093
8494.0 0.24581978734596382
8496.0 0.24366392728715194
8498.0 0.242689478540569
8500.0 0.24281883014409772
8502.0 0.24290506454645017
8504.0 0.24376165960981808
8506.0 0.24386514089264105
8508.0 0.24208008876394482
8510.0 0.23958791453595832
8512.0 0.2390920667224316
8514.0 0.24044738407940464
8516.0 0.23977331850101616
8518.0 0.2371647278298538
8520.0 0.23590858003558607
8522.0 0.23630094656628986
8524.0 0.23714173198922647
8526.0 0.23758727640138091
8528.0 0.2380227601332609
8530.0 0.2390202047204712
8532.0 0.24029934835536623
8534.0 0.2421476390457876
8536.0 0.24498762536326243
8538.0 0.24744099411019035
8540.0 0.24922748347892576
8542.0 0.25057848911578123
8544.0 0.2515227558215408
8546.0 0.25226437168177207
8548.0 0.25150838342114873
8550.0 0.24858359994136062
8552.0 0.2468732842947032
8554.0 0.24635012892043154
8556.0 0.24592901758894362
8558.0 0.24522045824961414
8560.0 0.24437392386652065
8562.0 0.24254288005656977
8564.0 0.23872125879231595
8566.0 0.23759302536153773
8568.0 0.2386378988700419
8570.0 0.23937664025019476
8572.0 0.2398595529033686
8574.0 0.2398911721842312
8576.0 0.23851285898663083
8578.0 0.23583240631350808
8580.0 0.23481627760578805
8582.0 0.2343807938739081
8584.0 0.2349154471684934
8586.0 0.23737600211561735
8588.0 0.23906188468160824
8590.0 0.23841225218388626
8592.0 0.2368039805800126
8594.0 0.23677236129915002
8596.0 0.2379077809301243
8598.0 0.23790203196996745
8600.0 0.23728689323318644
8602.0 0.23656252425342567
8604.0 0.23621040044381972
8606.0 0.2350792925329631
8608.0 0.2316787826001972
8610.0 0.22658232942116596
8612.0 0.22395649186953312
8614.0 0.2228986832006761
8616.0 0.22173020704880006
8618.0 0.2210158987493137
8620.0 0.22036339177151332
8622.0 0.21971950823394817
8624.0 0.2190856853766575
8626.0 0.21825352339395612
8628.0 0.21716122096415813
8630.0 0.21662369318949437
8632.0 0.21722589676592247
8634.0 0.21634199414180963
8636.0 0.21302053241120014
8638.0 0.2104148162201162
8640.0 0.2107410697090164
8642.0 0.21272733544320171
8644.0 0.21413439344158627
8646.0 0.21694707219831616
8648.0 0.21695282115847295
8650.0 0.21448076829103538
8652.0 0.21213519254704805
8654.0 0.20992615460678551
8656.0 0.20799881571420772
8658.0 0.2072169571328786
8660.0 0.20740236109793642
8662.0 0.2068748940035471
8664.0 0.2061260919431198
8666.0 0.2053269864813202
8668.0 0.2043985294159919
8670.0 0.20346288615046756
8672.0 0.20273995441074597
8674.0 0.20197103098976973
8676.0 0.20028946014389648
8678.0 0.19762481711120503
8680.0 0.19563423965690208
8682.0 0.19391098884989177
8684.0 0.19218198908272466
8686.0 0.19023452882959796
8688.0 0.18857451658431282
8690.0 0.18776535044223877
8692.0 0.18758425819729857
8694.0 0.18708409866365422
8696.0 0.18622031740009026
8698.0 0.18619875879950215
8700.0 0.18665723837200948
8702.0 0.18777541112251322
8704.0 0.19023165434951955
8706.0 0.1929149815027207
8708.0 0.1933303438740518
8710.0 0.19203682783876466
8712.0 0.19130670989884704
8714.0 0.19041418383449893
8716.0 0.18941242752717102
8718.0 0.18832156233741223
8720.0 0.187075475223419
8722.0 0.1855390656215057
8724.0 0.1838100658543386
8726.0 0.1825237360192475
8728.0 0.1817921808392907
8730.0 0.18045985932294498
8732.0 0.17777078320958697
8734.0 0.17685957302472916
8736.0 0.17903842892416835
8738.0 0.18196464964399567
8740.0 0.18285861294838296
8742.0 0.18289741842944157
8744.0 0.18189135040199605
8746.0 0.17847646806883807
8748.0 0.17724187887515847
8750.0 0.17764430608613668
8752.0 0.17890907732063963
8754.0 0.18114111110152953
8756.0 0.18402708910025897
8758.0 0.18579633158852393
8760.0 0.18749946103498533
8762.0 0.1874822141545148
8764.0 0.1858423232697786
8766.0 0.1837741348533584
8768.0 0.1806265791674931
8770.0 0.17772479152833232
8772.0 0.17674746830167096
8774.0 0.1770262928692773
8776.0 0.1766827924999066
8778.0 0.17629042596920283
8780.0 0.17602884828206697
8782.0 0.17656206433661312
8784.0 0.17596992144045945
8786.0 0.17277349959326108
8788.0 0.16896768796943853
8790.0 0.1685063339168528
8792.0 0.1704494824498619
8794.0 0.1716869461236199
8796.0 0.17167832268338465
8798.0 0.1750831443362682
8800.0 0.18467097263782414
8802.0 0.19254273633256586
8804.0 0.1925312384122522
8806.0 0.18793925648698293
8808.0 0.18516538321131168
8810.0 0.1806639474085125
8812.0 0.1789550690018943
8814.0 0.17965356766094934
8816.0 0.18016666235494655
8818.0 0.18009911207310378
8820.0 0.1799539508291438
8822.0 0.18001575215082974
8824.0 0.18036356424031805
8826.0 0.17945666577557787
8828.0 0.176540505736025
8830.0 0.17561061143065748
8832.0 0.17608921236371372
8834.0 0.1776486178062543
8836.0 0.18029888843855368
8838.0 0.18398828361920036
8840.0 0.18843079258039203
8842.0 0.19490124723690602
8844.0 0.1986926864603365
8846.0 0.20286211981407865
8848.0 0.20252005668474715
8850.0 0.1948739396761611
8852.0 0.1863367338432661
8854.0 0.18360885224884949
8856.0 0.18396241329849466
8858.0 0.18297359215151962
8860.0 0.18170738367697745
8862.0 0.18149898387129226
8864.0 0.18240157061591486
8866.0 0.18343638344414456
8868.0 0.18457755203527562
8870.0 0.18562098830374058
8872.0 0.1854815760199374
8874.0 0.18414925450359165
8876.0 0.18379713069398573
8878.0 0.1835168688863402
8880.0 0.18403714978053345
8882.0 0.18625337392099203
8884.0 0.1878587710447873
8886.0 0.18692600225934133
8888.0 0.18444820043174692
8890.0 0.18250505189873784
8892.0 0.17816889870044755
8894.0 0.17896800416224717
8896.0 0.18456461687492276
8898.0 0.18993558290144272
8900.0 0.19514414080353215
8902.0 0.19944723748092064
8904.0 0.19981373369091868
8906.0 0.19641466099819196
8908.0 0.19709591277677652
8910.0 0.1998539764120165
8912.0 0.20309064098031268
8914.0 0.20943893023349403
8916.0 0.21289692976782826
8918.0 0.20913567258522114
8920.0 0.20144356389538043
8922.0 0.19718070993908976
8924.0 0.19301558830546525
8926.0 0.1915697248260221
8928.0 0.1929911552247987
8930.0 0.1945318765468296
8932.0 0.19689757365136581
8934.0 0.19868981198025806
8936.0 0.19757163922975432
8938.0 0.19428754574016424
8940.0 0.19309032478750407
8942.0 0.1942257444184783
8944.0 0.19225960004484188
8946.0 0.1867032300532641
8948.0 0.18214574188893587
8950.0 0.17987490262698735
8952.0 0.17906429924487408
8954.0 0.18035781528016123
8956.0 0.1852444314134681
8958.0 0.18519412801209584
8960.0 0.18125465306462696
8962.0 0.17826519378307448
8964.0 0.17543095642575648
8966.0 0.17353379957400208
8968.0 0.17391035646427452
8970.0 0.17587218911779334
8972.0 0.1761955681266151
8974.0 0.17478994736826978
8976.0 0.1757241533937549
8978.0 0.17828675238366262
8980.0 0.1813351385068226
8982.0 0.18487649796343086
8984.0 0.18873836194878252
8986.0 0.1924794977708407
8988.0 0.19667048972517098
8990.0 0.19859926585778798
8992.0 0.197804472116106
8994.0 0.19848859837476898
8996.0 0.20082555067852104
8998.0 0.2026767158490208
9000.0 0.2032559235848216
9002.0 0.20288367841466678
9004.0 0.2003670711060137
9006.0 0.19498604439921932
9008.0 0.19112561765390684
9010.0 0.18678084101538134
9012.0 0.1840141539399061
9014.0 0.18316187059665584
9016.0 0.18346225376485029
9018.0 0.18458761271555008
9020.0 0.18690588089879245
9022.0 0.18745634383380907
9024.0 0.1861570788383651
9026.0 0.18647327164699085
9028.0 0.1882942547766673
9030.0 0.18990396362058012
9032.0 0.1907145670026934
9034.0 0.1911744838152399
9036.0 0.19154241726527715
9038.0 0.1916760805889235
9040.0 0.19178243635182485
9042.0 0.19160421858696308
9044.0 0.19173788191060945
9046.0 0.19203539059872549
9048.0 0.19272095409742765
9050.0 0.19434359810169338
9052.0 0.19663743320426919
9054.0 0.1970398604152474
9056.0 0.1948466321154161
9058.0 0.19540715573070722
9060.0 0.1980430539626145
9062.0 0.20062864879314954
9064.0 0.20297278729709764
9066.0 0.2050898418748509
9068.0 0.2062554435466485
9070.0 0.20646240611229444
9072.0 0.2076696877452291
9074.0 0.21165659161399183
9076.0 0.2108359275516041
9078.0 0.20378626515928933
9080.0 0.1969507515328165
9082.0 0.19386499716863714
9084.0 0.19247374881068388
9086.0 0.19126502993771002
9088.0 0.19165308474829615
9090.0 0.19037969007355796
9092.0 0.18683114441675364
9094.0 0.18561811382366217
9096.0 0.18787170620514015
9098.0 0.191223349976573
9100.0 0.1936580346029912
9102.0 0.19622063359289887
9104.0 0.1968443957699151
9106.0 0.1958728215034106
9108.0 0.1944025249433009
9110.0 0.19157259930610054
9112.0 0.18905168027732985
9114.0 0.1871674585859283
9116.0 0.18593286939224868
9118.0 0.1867176024536562
9120.0 0.1900074449034031
9122.0 0.19121185205625935
9124.0 0.19076343316402647
9126.0 0.1916056558270023
9128.0 0.1953999695305112
9130.0 0.19780878383622363
9132.0 0.19401447013271475
9134.0 0.1861872608791885
9136.0 0.1854988229004079
9138.0 0.19023596606963716
9140.0 0.19335765143479675
9142.0 0.1970168645746201
9144.0 0.2003627593858961
9146.0 0.2032343649842335
9148.0 0.20575240953292576
9150.0 0.20817128451891265
9152.0 0.21136339464599344
9154.0 0.20924490282820096
9156.0 0.20101239188361808
9158.0 0.19523037520588465
9160.0 0.19068869668198765
9162.0 0.18731118258984905
9164.0 0.18591131079166057
9166.0 0.18579345710844553
9168.0 0.18354561368712435
9170.0 0.17811715805903608
9172.0 0.17776072252931252
9174.0 0.1825036146586986
9176.0 0.18519556525213504
9178.0 0.1845674913550012
9180.0 0.18307132447418575
9182.0 0.18263296626222733
9184.0 0.1824044450959933
9186.0 0.1826617110630115
9188.0 0.18325241671912595
9190.0 0.18438208738994336
9192.0 0.18680239961596948
9194.0 0.18842791810031362
9196.0 0.18820370865419717
9198.0 0.1870222973419683
9200.0 0.1860464113553461
9202.0 0.18383162445492673
9204.0 0.18488512140366611
9206.0 0.18816059145302094
9208.0 0.1926807113763298
9210.0 0.19940124579966598
9212.0 0.20630143522790317
9214.0 0.2115933530522667
9216.0 0.21612640813592843
9218.0 0.21908712261669672
9220.0 0.22226773482346382
9222.0 0.22058472673755136
9224.0 0.2131743170953954
9226.0 0.2060297968604929
9228.0 0.20014286165989728
9230.0 0.19494436443808227
9232.0 0.19159272066664942
9234.0 0.19006493450497142
9236.0 0.1877869090428269
9238.0 0.18532779133574215
9240.0 0.18343494620410533
9242.0 0.18200345512505428
9244.0 0.18104194153882416
9246.0 0.18040524420145507
9248.0 0.18024714779714218
9250.0 0.18172894227756556
9252.0 0.1848247573220194
9254.0 0.18816202869306017
9256.0 0.1932239881111504
9258.0 0.19688607573105216
9260.0 0.19933513275786244
9262.0 0.20004800381730956
9264.0 0.19725544642112858
9266.0 0.19109831009316192
9268.0 0.18741035215255442
9270.0 0.18318486643728316
9272.0 0.18202932544576003
9274.0 0.1851898162919782
9276.0 0.18756269959671046
9278.0 0.18688144781812593
9280.0 0.18478020288080393
9282.0 0.18259847250128636
9284.0 0.1786460623934646
9286.0 0.17808841325825195
9288.0 0.1806481377680812
9290.0 0.1824489995372087
9292.0 0.18325385395916513
9294.0 0.1840989511022194
9296.0 0.18561236486350532
9298.0 0.18751527067541657
9300.0 0.1895547142910526
9302.0 0.19382906616765694
9304.0 0.19361060568169733
9306.0 0.18865500202650845
9308.0 0.18425417302645386
9310.0 0.18138113018807725
9312.0 0.17947247541600914
9314.0 0.1798648419467129
9316.0 0.18367065357053544
9318.0 0.18158090655352715
9320.0 0.17208362437444127
9322.0 0.16897343692959538
9324.0 0.1728295519547902
9326.0 0.17794181477425272
9328.0 0.18122734550388198
9330.0 0.18428866678739483
9332.0 0.18752533135569105
9334.0 0.19468566123102482
9336.0 0.1921690539223718
9338.0 0.17565947759199055
9340.0 0.16901799137081083
9342.0 0.18040811868153347
9344.0 0.19506652984141493
9346.0 0.1957334092196074
9348.0 0.18814621905262888
9350.0 0.18541402573809465
9352.0 0.1841708131041798
9354.0 0.1816096513543113
9356.0 0.1774660883212749
9358.0 0.17380687518145158
9360.0 0.17102006674542744
9362.0 0.169191897415555
9364.0 0.17057452233327297
9366.0 0.17539502542477628
9368.0 0.17921377220895174
9370.0 0.18748077691447562
9372.0 0.18788607860553222
9374.0 0.17794468925433113
9376.0 0.164505057647698
9378.0 0.1514980352928664
9380.0 0.13658552009405298
9382.0 0.13365527510211592
9384.0 0.14320889709073872
9386.0 0.14807740399955158
9388.0 0.15153971525400345
9390.0 0.15604402553688101
9392.0 0.1628694784830794
9394.0 0.17033881496684286
9396.0 0.17589374771838145
9398.0 0.18177924567893783
9400.0 0.18115692074196083
9402.0 0.17127445823236723
9404.0 0.16729330332376133
9406.0 0.16996656979668803
9408.0 0.1731055020423181
9410.0 0.1729057256768682
9412.0 0.17140812155601357
9414.0 0.17132619887377873
9416.0 0.1741245052301165
9418.0 0.17153316143942465
9420.0 0.16332795805558672
9422.0 0.15703572116393447
9424.0 0.15320978817956304
9426.0 0.15142329881082758
9428.0 0.1531839178588573
9430.0 0.15866411412835704
9432.0 0.1612741420395586
9434.0 0.16425785236095422
9436.0 0.16400346087401443
9438.0 0.15950202507121525
9440.0 0.1550393947494747
9442.0 0.15231869935525413
9444.0 0.15043016594373493
9446.0 0.14997743533138444
9448.0 0.1499127595296201
9450.0 0.1536251505508941
9452.0 0.16251016847327743
9454.0 0.1693816131007304
9456.0 0.17602884828206697
9458.0 0.17912035160640322
9460.0 0.17292153531729948
9462.0 0.15928787630537328
9464.0 0.15256446740195867
9466.0 0.14731566677877142
9468.0 0.14570595793485855
9470.0 0.15001480357240385
9472.0 0.1526607624845856
9474.0 0.15122064796529927
9476.0 0.14782732423272943
9478.0 0.1436926720879361
9480.0 0.13715294246153228
9482.0 0.13448657474079376
9484.0 0.1338258754947699
9486.0 0.13493197542894428
9488.0 0.13828505644041636
9490.0 0.1428014395396233
9492.0 0.14848701741072584
9494.0 0.15516299739284659
9496.0 0.15730161057118794
9498.0 0.1556732176067654
9500.0 0.15420148380661647
9502.0 0.15073917255216465
9504.0 0.14821681628335476
9506.0 0.14656255299822643
9508.0 0.14623773674936547
9510.0 0.14925162911158443
9512.0 0.15582125333080382
9514.0 0.1579066886276945
9516.0 0.15772415914271506
9518.0 0.15641770794707507
9520.0 0.15077222907306642
9522.0 0.14848701741072584
9524.0 0.15526216695555192
9526.0 0.16647407650141283
9528.0 0.1712011589903676
9530.0 0.17412881695023413
9532.0 0.1723940682229102
9534.0 0.16418599035899384
9536.0 0.15741084081416773
9538.0 0.1520743685485888
9540.0 0.1476821629887694
9542.0 0.1447027643874914
9544.0 0.1429425765114735
9546.0 0.1421485013898111
9548.0 0.14332732566996945
9550.0 0.14343166929681594
9552.0 0.14272799657361976
9554.0 0.14238722696032355
9556.0 0.14250680533158566
9558.0 0.14321651446294653
9560.0 0.14559385321180032
9562.0 0.1500579207735801
9564.0 0.15241786891795947
9566.0 0.15503364578931786
9568.0 0.15462259513810442
9570.0 0.15047472038495038
9572.0 0.14506638611741102
9574.0 0.13938282038236335
9576.0 0.13303855540129178
9578.0 0.13080810258444506
9580.0 0.13369149355110396
9582.0 0.1326709093992624
9584.0 0.12907637206120343
9586.0 0.1262645556484971
9588.0 0.12436179356058974
9590.0 0.1235576577586529
9592.0 0.12537806599231366
9594.0 0.12990522839181465
9596.0 0.132045709982207
9598.0 0.13427084501090866
9600.0 0.13388164040829115
9602.0 0.12923159398543788
9604.0 0.1256292955511672
9606.0 0.12591559376697742
9608.0 0.12832843234479965
9610.0 0.13145716018615133
9612.0 0.13747761498638936
9614.0 0.13990928140872522
9616.0 0.14020046624066873
9618.0 0.13977202498498084
9620.0 0.13831523848123972
9622.0 0.13643791554202633
9624.0 0.13536242882068708
9626.0 0.1347998930693411
9628.0 0.1311859529907528
9630.0 0.12198100543564185
9632.0 0.11941064534952242
9634.0 0.12374104958765585
9636.0 0.12695011914719925
9638.0 0.12578437375139773
9640.0 0.12323729695391347
9642.0 0.1229879358071109
9644.0 0.12385516644676894
9646.0 0.12478621054416783
9648.0 0.12580377649192703
9650.0 0.12782884770717098
9652.0 0.13211857805219482
9654.0 0.13552771142519598
9656.0 0.1351613589392019
9658.0 0.13245331125732634
9660.0 0.1312605457487877
9662.0 0.13026999991376562
9664.0 0.129441862203174
9666.0 0.12828143459551752
9668.0 0.12821043493758066
9670.0 0.1298220121935445
9672.0 0.13221832251091586
9674.0 0.13425949081459893
9676.0 0.13646277979470464
9678.0 0.13843309216445476
9680.0 0.14273317063776092
9682.0 0.1416325322157355
9684.0 0.13291940820204146
9686.0 0.12523204240433014
9688.0 0.1233902192940852
9690.0 0.12445162106304022
9692.0 0.1255042556677561
9694.0 0.12834079260913683
9696.0 0.13012253908574287
9698.0 0.1317722032027457
9700.0 0.1330530715256878
9702.0 0.13406072051717646
9704.0 0.13459652360379318
9706.0 0.1343325026085907
9708.0 0.13336179068610965
9710.0 0.13230743139334675
9712.0 0.1304566973948587
9714.0 0.1294736252080405
9716.0 0.1294785118241738
9718.0 0.12919365084840279
9720.0 0.12749569546608258
9722.0 0.12574628689035872
9724.0 0.12733788650977756
9726.0 0.13256282894831398
9728.0 0.13401904055603944
9730.0 0.13210578661584585
9732.0 0.13251137575491034
9734.0 0.1372071264110104
9736.0 0.14051651532529055
9738.0 0.13725972939644543
9740.0 0.12989186205945
9742.0 0.1259444822917655
9744.0 0.12177030604589395
9746.0 0.12099822069683147
9748.0 0.12523621040044383
9750.0 0.12727867222016218
9752.0 0.12455538979387104
9754.0 0.12057682191733571
9756.0 0.11955120742535694
9758.0 0.11974451621063041
9760.0 0.12149234382231114
9762.0 0.126854398960588
9764.0 0.12899200607090194
9766.0 0.127072140826528
9768.0 0.1257372322781117
9770.0 0.12813842921161636
9772.0 0.13215968311731616
9774.0 0.13294499107473937
9776.0 0.13064785032007337
9778.0 0.13112070229297276
9780.0 0.13424181276211666
9782.0 0.13531672458744026
9784.0 0.13353684652288517
9786.0 0.1305561544055719
9788.0 0.1274116169237889
9790.0 0.12338015861381073
9792.0 0.12161939584177713
9794.0 0.12159683117316156
9796.0 0.12167904130340426
9798.0 0.12210805745510782
9800.0 0.12314718200345513
9802.0 0.12527645312154165
9804.0 0.12784695693166498
9806.0 0.12895233824581978
9808.0 0.1289184193808945
9810.0 0.1295151614451736
9812.0 0.13052209181664268
9814.0 0.13097122932889516
9816.0 0.13058691134241096
9818.0 0.1301669498029544
9820.0 0.13070016585750055
9822.0 0.13175998666241245
9824.0 0.13020589900801693
9826.0 0.12419018709990831
9828.0 0.12352187048167663
9830.0 0.12790933314936662
9832.0 0.131056745111228
9834.0 0.1311560583979373
9836.0 0.13030621836275363
9838.0 0.13049219722382716
9840.0 0.13098014021713822
9842.0 0.13144120682171612
9844.0 0.1328581817763712
9846.0 0.13246610269367529
9848.0 0.1297205430467764
9850.0 0.12693991474292088
9852.0 0.12524900183679277
9854.0 0.1241099891057205
9856.0 0.12427886481032743
9858.0 0.12476939483570909
9860.0 0.12818600185691414
9862.0 0.1383069024890123
9864.0 0.14193162186789465
9866.0 0.1345628921868757
9868.0 0.12506618490380553
9870.0 0.12358266573533512
9872.0 0.12675422332985523
9874.0 0.12478175510004628
9876.0 0.11727059493114184
9878.0 0.11587417250904744
9880.0 0.12055943131286129
9882.0 0.12523549178042423
9884.0 0.1274951205700669
9886.0 0.1290665988289368
9888.0 0.13138141763608507
9890.0 0.13529947770696976
9892.0 0.1346630678176085
9894.0 0.12818298365283182
9896.0 0.12539703756083118
9898.0 0.1271772030733941
9900.0 0.1301371989341428
9902.0 0.1325602419162434
9904.0 0.1353378520160166
9906.0 0.13421119954928154
9908.0 0.12867710677831148
9910.0 0.1252491455607967
9912.0 0.12133007942188458
9914.0 0.11951944442049046
9916.0 0.12115099931299926
9918.0 0.12442805032639723
9920.0 0.12681458741150195
9922.0 0.12978838077662705
9924.0 0.13052453512470932
9926.0 0.12686287867681934
9928.0 0.12833604971700743
9930.0 0.1372401829319122
9932.0 0.14481918083066725
9934.0 0.14581949989795598
9936.0 0.14308127017525704
9938.0 0.1382210992586716
9940.0 0.12602036856583565
9942.0 0.12297902491886781
9944.0 0.12683054077593717
9946.0 0.13014567865037413
9948.0 0.13415888401185438
9950.0 0.13598518492967585
9952.0 0.12875644242847575
9954.0 0.11340585646571177
9956.0 0.10839463162100556
9958.0 0.10912518073293494
9960.0 0.11110655985098697
9962.0 0.11777607225293125
9964.0 0.12245342623652947
9966.0 0.12137822696319804
9968.0 0.11761955681266151
9970.0 0.1159237572904001
9972.0 0.11344983601091153
9974.0 0.11486652351755877
9976.0 0.12180853663093688
9978.0 0.12512008140527583
9980.0 0.12336348662935592
9982.0 0.12090178189020061
9984.0 0.12117413887763052
9986.0 0.12266211349022246
9988.0 0.12364647919307596
9990.0 0.12459433899893357
9992.0 0.12587707573392662
9994.0 0.12751265489854524
9996.0 0.12919882491254395
9998.0 0.1315971473659702
10000.0 0.1335010592459089
10002.0 0.1318745346935373
10004.0 0.12685784833668212
10006.0 0.12433132407175852
10008.0 0.12167875385539641
10010.0 0.12133525348602572
10012.0 0.12491642449172008
10014.0 0.12775669825720273
10016.0 0.1264712307661352
10018.0 0.12295344204616991
10020.0 0.1203638229435251
10022.0 0.11545766034568497
10024.0 0.11566390429131132
10026.0 0.12094303067932588
10028.0 0.12517383418274222
10030.0 0.12843795003578728
10032.0 0.1301249823938095
10034.0 0.1273272509334874
10036.0 0.12012782812908715
10038.0 0.11836404715297122
10040.0 0.12140036045980185
10042.0 0.12105456050636841
10044.0 0.11681743314677959
10046.0 0.11397054807711655
10048.0 0.11582947434382806
10050.0 0.11952375614060808
10052.0 0.11881490935327073
10054.0 0.11493191793934274
10056.0 0.1123055054916942
10058.0 0.1077997579687774
10060.0 0.106804325517622
10062.0 0.11071678035235377
10064.0 0.11589300035356107
10066.0 0.11976736832725382
10068.0 0.12369275832233846
10070.0 0.12316629729597658
10072.0 0.11722661538594206
10074.0 0.11408409004021398
10076.0 0.11117727206091599
10078.0 0.11008798783520031
10080.0 0.1118057771300616
10082.0 0.11508182207543212
10084.0 0.11808895940946681
10086.0 0.12258536487212876
10088.0 0.12289853947667216
10090.0 0.11592246377436483
10092.0 0.11676008726921518
10094.0 0.12965514862499247
10096.0 0.14014312036310433
10098.0 0.1373653665393272
10100.0 0.1272732107080132
10102.0 0.12214772528018995
10104.0 0.11516676296174931
10106.0 0.115040285838299
10108.0 0.12375800902011849
10110.0 0.12843536300371672
10112.0 0.1256887972887904
10114.0 0.12095050432752977
10116.0 0.11979525078401446
10118.0 0.12030777058199599
10120.0 0.11935128733590313
10122.0 0.11671998827212128
10124.0 0.1163080752768843
10126.0 0.11799180198281638
10128.0 0.12029152976955293
10130.0 0.12383303295016515
10132.0 0.1274136290598438
10134.0 0.12428418259847251
10136.0 0.11147880502114181
10138.0 0.11105481920957548
10140.0 0.12226313565533835
10142.0 0.12764833035824646
10144.0 0.12520114174348715
10146.0 0.12068303395623318
10148.0 0.11783313068248781
10150.0 0.11485200739316277
10152.0 0.11417133051059389
10154.0 0.11814616156302729
10156.0 0.11629312798047654
10158.0 0.10672872669155967
10160.0 0.10123171471360118
10162.0 0.10432005610985114
10164.0 0.11148354791327118
10166.0 0.11781315304594281
10168.0 0.12699697317247743
10170.0 0.12968705535386288
10172.0 0.12786104188404923
10174.0 0.1243435406120918
10176.0 0.11527441224068598
10178.0 0.10912115646082517
10180.0 0.11514247360508668
10182.0 0.12813411749149872
10184.0 0.12636846810333183
10186.0 0.1081909747074498
10188.0 0.104966239231479
10190.0 0.11243313240717585
10192.0 0.11744478842389383
10194.0 0.11742078651523907
10196.0 0.11584499653625151
10198.0 0.11504143563033037
10200.0 0.11401150941823399
10202.0 0.11311395301374864
10204.0 0.11148311674125944
10206.0 0.11151789795020826
10208.0 0.11413712419766076
10210.0 0.11594775919905488
10212.0 0.11514290477709846
10214.0 0.11291130216822033
10216.0 0.11065411668664431
10218.0 0.1091408466493623
10220.0 0.10331269456637031
10222.0 0.08826364156383214
10224.0 0.08299673171615085
10226.0 0.09081948552555556
10228.0 0.10353230484436128
10230.0 0.1161006815392266
10232.0 0.13171988766531856
10234.0 0.13482863787012525
10236.0 0.12388333635153742
10238.0 0.12099434014872561
10240.0 0.12541356582128207
10242.0 0.1255768362897361
10244.0 0.11362690398374195
10246.0 0.09922331548281206
10248.0 0.1024602674991161
10250.0 0.12085305945287146
10252.0 0.12846813207661065
10254.0 0.13560819686739162
10256.0 0.1351663892793391
10258.0 0.12208333692643343
10260.0 0.109966972223899
10262.0 0.10971847342111996
10264.0 0.11587560974908664
10266.0 0.12018086228653393
10268.0 0.12971263822656076
10270.0 0.13008071540060193
10272.0 0.12096573907194537
10274.0 0.11454716878084677
10276.0 0.11379031817619989
10278.0 0.11470483401314788
10280.0 0.11371342583410227
10282.0 0.11201273969570755
10284.0 0.11142030935154604
10286.0 0.10959012788561869
10288.0 0.11214439088329899
10290.0 0.11952447476062766
