3500.0 0.4112463571026516
3500.773926 0.33425643703873137
3501.547607 0.41036100682436477
3502.321533 0.36436022037290877
3503.095459 0.36543871637322556
3503.869385 0.44185453107578204
3504.643066 0.454591586543036
3505.416992 0.3904944431462736
3506.190918 0.4224209657589157
3506.9646 0.40919916978260634
3507.738525 0.3945440861643556
3508.512451 0.4395417192503803
3509.286133 0.4109457762614918
3510.060059 0.396745908411862
3510.833984 0.45084578295028604
3511.60791 0.49783007240411986
3512.381592 0.5026866614980041
3513.155518 0.4650321720684479
3513.929443 0.45749820328870927
3514.703125 0.48323848174821715
3515.477051 0.5145944541577281
3516.250977 0.4874952922394404
3517.024902 0.45843435796257
3517.798584 0.4762875050596449
3518.57251 0.49890659334243587
3519.346436 0.540260821791552
3520.120117 0.5331096883888164
3520.894043 0.5348597509347586
3521.667969 0.5427293550500133
3522.44165 0.45596552836320403
3523.215576 0.5381222952566648
3523.989502 0.5714520375180148
3524.763428 0.558232463282445
3525.537109 0.5777712911735561
3526.311035 0.5506659084278285
3527.084961 0.5113740247513217
3527.858643 0.5158700455377648
3528.632568 0.6000708397919631
3529.406494 0.5466463830651459
3530.18042 0.5427876148324998
3530.954102 0.5770814566450688
3531.728027 0.5718154694438591
3532.501953 0.5213483352334245
3533.275635 0.5805739785293217
3534.049561 0.5627055259258082
3534.823486 0.5959910795847931
3535.597168 0.5672846408417984
3536.371094 0.5134929503521656
3537.14502 0.5528099649497934
3537.918945 0.4977001235366891
3538.692627 0.4303483358328678
3539.466553 0.4637577161567081
3540.240479 0.4947859527792388
3541.01416 0.4731782137513198
3541.788086 0.5019183246084793
3542.562012 0.5453233936944262
3543.335938 0.5122736436926145
3544.109619 0.41919377227227034
3544.883545 0.43480441424869637
3545.657471 0.47950156535158134
3546.431152 0.46680025591851304
3547.205078 0.46659861796613794
3547.979004 0.422058866784253
3548.752686 0.4029984597167374
3549.526611 0.4627967271357868
3550.300537 0.46552456544730036
3551.074463 0.4566794567362238
3551.848145 0.4007177399092686
3552.62207 0.3995769356107552
3553.395996 0.4553001826450184
3554.169678 0.45938339891924507
3554.943604 0.42644473735334887
3555.717529 0.4326241183350683
3556.491455 0.3635460655889328
3557.265137 0.39061224646657366
3558.039062 0.38796765010532586
3558.812988 0.4182118493661242
3559.58667 0.3451794429407503
3560.360596 0.3635663084006397
3561.134521 0.3591920897880411
3561.908203 0.35770676319105305
3562.682129 0.3702152232429961
3563.456055 0.36591990219035986
3564.22998 0.3603287467128242
3565.003662 0.39031759034510477
3565.777588 0.3853944961502834
3566.551514 0.3756117023312801
3567.325195 0.40003116396495364
3568.099121 0.3703081425540698
3568.873047 0.3220924006603985
3569.646973 0.355056587880029
3570.420654 0.4029047010451156
3571.19458 0.37460928946837685
3571.968506 0.38849396251023766
3572.742188 0.35684975298904925
3573.516113 0.3928370762861701
3574.290039 0.4152372462813023
3575.063965 0.3579673519994325
3575.837646 0.3727554455864017
3576.611572 0.36374898706347936
3577.385498 0.4154987238792399
3578.15918 0.4383349036747189
3578.933105 0.3944906154001073
3579.707031 0.4392494331566812
3580.480713 0.45009077650519896
3581.254639 0.40505838503256686
3582.028564 0.4197284286204972
3582.80249 0.42213169133749423
3583.576172 0.39716804451497184
3584.350098 0.4151916261028914
3585.124023 0.40751023040439815
3585.897705 0.41548889869771327
3586.671631 0.4393607190754811
3587.445557 0.42000145931691196
3588.219238 0.41414482738789427
3588.993164 0.44046024781904275
3589.76709 0.42365626923157895
3590.541016 0.43160447456589146
3591.314697 0.4433022356677595
3592.088623 0.43636360224235826
3592.862549 0.47313007525810896
3593.63623 0.43111706792131743
3594.410156 0.46417550740320307
3595.184082 0.4479224288889727
3595.958008 0.37917951742140854
3596.731689 0.41847006814673393
3597.505615 0.4391249151851522
3598.279541 0.4175352466572104
3599.053223 0.4234829711223312
3599.827148 0.43634227315820884
3600.601074 0.45849212392126726
3601.375 0.4528030132025252
3602.148682 0.45499130728955367
3602.922607 0.4274737619092732
3603.696533 0.4471857890516118
3604.470215 0.43029101403579384
3605.244141 0.4134178152491756
3606.018066 0.4235176308840742
3606.791748 0.40948799980924877
3607.565674 0.47409145947795495
3608.3396 0.44212158785665157
3609.113525 0.4271200068779255
3609.887207 0.44777658206644994
3610.661133 0.39823005011154305
3611.435059 0.4033013114944912
3612.20874 0.3810493581164959
3612.982666 0.4682104371303443
3613.756592 0.43266282637936576
3614.530273 0.4250994314840571
3615.304199 0.42309500095717534
3616.078125 0.39858889026887795
3616.852051 0.4293640428989519
3617.625732 0.4414514528870721
3618.399658 0.4702597967621192
3619.173584 0.43426101899138553
3619.947266 0.45262438305539576
3620.721191 0.40790481659591865
3621.495117 0.3976810262422902
3622.269043 0.42518751234788255
3623.042725 0.44452440617886957
3623.81665 0.42769658065876764
3624.590576 0.44698543485456393
3625.364258 0.44550860025476535
3626.138184 0.43081569714861956
3626.912109 0.44186954047447174
3627.686035 0.48127295698167305
3628.459717 0.44523142241777597
3629.233643 0.4492473930885375
3630.007568 0.4730525108824838
3630.78125 0.48295389795332516
3631.555176 0.4916207714830413
3632.329102 0.4993760285782085
3633.102783 0.5075117018267545
3633.876709 0.4970094002186437
3634.650635 0.5112352875457968
3635.424561 0.5392042965198927
3636.198242 0.5077777215310357
3636.972168 0.48624122719328194
3637.746094 0.48779705774475157
3638.519775 0.5322167346697425
3639.293701 0.5421277988682361
3640.067627 0.5446294117922087
3640.841309 0.5391375941692268
3641.615234 0.5312600905054361
3642.38916 0.5127374503164451
3643.163086 0.5357644552351941
3643.936768 0.5245197373570618
3644.710693 0.5201591457629613
3645.484619 0.5188445497645667
3646.258301 0.5732621866214139
3647.032227 0.5586248771622359
3647.806152 0.5757614791797825
3648.580078 0.5553025426237772
3649.35376 0.48904549441212375
3650.127686 0.5240851593659167
3650.901611 0.5151312333886744
3651.675293 0.49383029579619925
3652.449219 0.4958711634307846
3653.223145 0.538019797675959
3653.99707 0.4842404502163414
3654.770752 0.462226670523289
3655.544678 0.45572330616255075
3656.318604 0.4608853145448431
3657.092285 0.41636876865108824
3657.866211 0.4615337748935141
3658.640137 0.4124772168606799
3659.413818 0.4042548947906657
3660.187744 0.37438671763077697
3660.96167 0.44255641252653555
3661.735596 0.4228005425517466
3662.509277 0.38098013768418576
3663.283203 0.36402794247958503
3664.057129 0.3580217607490932
3664.830811 0.3625997893926408
3665.604736 0.3639987138468995
3666.378662 0.37427503674620805
3667.152344 0.37137261657011955
3667.92627 0.33808459425850046
3668.700195 0.3444625520913072
3669.474121 0.40962100954481157
3670.247803 0.43050647625639576
3671.021729 0.4423079694984425
3671.795654 0.446993038295351
3672.569336 0.5046977080512505
3673.343262 0.506543356043785
3674.117188 0.4740622802742795
3674.891113 0.4952388973781102
3675.664795 0.5683072470873985
3676.438721 0.5660529909190765
3677.212646 0.5428398510372752
3677.986328 0.5560092627549347
3678.760254 0.5779439474051402
3679.53418 0.5718405507028141
3680.308105 0.5587961013514627
3681.081787 0.5844692330655257
3681.855713 0.5399071656182244
3682.629639 0.5749039751539895
3683.40332 0.5389290440827382
3684.177246 0.5455146632124754
3684.951172 0.6068235359703524
3685.724854 0.5857578098195527
3686.498779 0.5463633791333299
3687.272705 0.5499159381460299
3688.046631 0.5580721008850217
3688.820312 0.5378021137146174
3689.594238 0.5769083562518612
3690.368164 0.576734070728191
3691.141846 0.5483597123956356
3691.915771 0.556627951218121
3692.689697 0.5663933660769764
3693.463379 0.5374161675741609
3694.237305 0.5072958938362379
3695.01123 0.5491223222815098
3695.785156 0.5141816988413659
3696.558838 0.5428929760316089
3697.332764 0.5418019395183923
3698.106689 0.5272333566677353
3698.880371 0.5254213805562098
3699.654297 0.5297825648321196
3700.428223 0.5362561081115188
3701.202148 0.5467428570681407
3701.97583 0.5822836545430259
3702.749756 0.5321039677458866
3703.523682 0.521588187406308
3704.297363 0.5398886507234679
3705.071289 0.5338265792382596
3705.845215 0.5564503084854142
3706.619141 0.5672784200143587
3707.392822 0.5887214520213953
3708.166748 0.5419147064422483
3708.940674 0.5504498045627187
3709.714355 0.5717521243022297
3710.488281 0.6162076953152807
3711.262207 0.5402208299919274
3712.035889 0.5446059103963296
3712.809814 0.556112204497264
3713.58374 0.5065991471736373
3714.357666 0.5119540051702105
3715.131348 0.5288773667078948
3715.905273 0.5126103650674175
3716.679199 0.5399067212234453
3717.452881 0.49939449381079903
3718.226807 0.4515651422192076
3719.000732 0.4653137936200723
3719.774414 0.4566753093624935
3720.54834 0.46139103860128905
3721.322266 0.46620901850889584
3722.096191 0.44450490386969066
3722.869873 0.4579764760584302
3723.643799 0.43200794772037043
3724.417725 0.4380317063602061
3725.191406 0.44245796369469564
3725.965332 0.4202024553916235
3726.739258 0.4156985842524988
3727.513184 0.4241907775259313
3728.286865 0.40377992980097116
3729.060791 0.39239015526500975
3729.834717 0.37920015519888445
3730.608398 0.358728480647095
3731.382324 0.358197379223945
3732.15625 0.3544005243237266
3732.930176 0.34790323273655377
3733.703857 0.3516071683256984
3734.477783 0.3388430073416342
3735.251709 0.3295841558997729
3736.025391 0.3107655266381316
3736.799316 0.3370969438823922
3737.573242 0.29552577220761816
3738.346924 0.292920081606708
3739.12085 0.2720110640702346
3739.894775 0.2660021667752141
3740.668701 0.2848645402444414
3741.442383 0.3281162579250986
3742.216309 0.32597778058606575
3742.990234 0.3567829023513531
3743.763916 0.3653835176920268
3744.537842 0.38889062238862326
3745.311768 0.39493625289909623
3746.085449 0.38908534797372923
3746.859375 0.40251248488136493
3747.633301 0.44891299207933844
3748.407227 0.44862470530549525
3749.180908 0.4347236404847533
3749.954834 0.4171724069468639
3750.72876 0.43396024066734123
3751.502441 0.4166275798803515
3752.276367 0.4279757827536122
3753.050293 0.46567347337111087
3753.824219 0.4828283928005293
3754.5979 0.4584666476965431
3755.371826 0.5146347420651015
3756.145752 0.5133865031137695
3756.919434 0.5983234433815396
3757.693359 0.5827546199797089
3758.467285 0.5646448831609545
3759.241211 0.6074850306557122
3760.014893 0.6133943434174403
3760.788818 0.6372459701793556
3761.562744 0.6488208922639466
3762.336426 0.6535985842641798
3763.110352 0.6679628630269431
3763.884277 0.6736746852100263
3764.658203 0.6794144522704678
3765.431885 0.7408243413708391
3766.205811 0.704589167261123
3766.979736 0.6933116658252283
3767.753418 0.7135937495800647
3768.527344 0.7841359481260688
3769.30127 0.7896931845775451
3770.074951 0.7596597079481205
3770.848877 0.7710488900354284
3771.622803 0.792500611522539
3772.396484 0.769294384008007
3773.17041 0.7977157451323206
3773.944336 0.7998648373512625
3774.718262 0.7962049420774527
3775.491943 0.7836834479219765
3776.265869 0.7905945314357884
3777.039795 0.7700270739545221
3777.813477 0.7574949150238154
3778.587402 0.7700123608967371
3779.361328 0.7764402837645696
3780.135254 0.7334447114108127
3780.908936 0.7444451334014266
3781.682861 0.739100446123139
3782.456787 0.7792760507858466
3783.230469 0.7837233408635811
3784.004395 0.7819464194795676
3784.77832 0.8356273178741894
3785.552246 0.7998170446279663
3786.325928 0.7864508336383357
3787.099854 0.7842735496301411
3787.873779 0.8039877490842091
3788.647461 0.8171205756402906
3789.421387 0.8250192601012007
3790.195312 0.80944653647069
3790.969238 0.7965036961436419
3791.74292 0.8044124032689631
3792.516846 0.814200628217024
3793.290771 0.8071927741261569
3794.064453 0.7951222495075513
3794.838379 0.7729478607383368
3795.612305 0.7758278655578331
3796.385986 0.769766188805238
3797.159912 0.7941331181263871
3797.933838 0.7698495298466796
3798.70752 0.7611784103183686
3799.481445 0.7407162151781913
3800.255371 0.7583836225111389
3801.029297 0.7562031291146262
3801.802979 0.7593943793173571
3802.576904 0.7611189656385752
3803.35083 0.7561445732243909
3804.124512 0.7378162638878926
3804.898438 0.7445342016796747
3805.672363 0.7538437094632353
3806.446289 0.7208577981936863
3807.219971 0.6970821557111644
3807.993896 0.7037287996169268
3808.767822 0.7251186077716097
3809.541504 0.7239017697646929
3810.31543 0.7020845918607271
3811.089355 0.7016175266527243
3811.863281 0.7014965144104178
3812.636963 0.6787356772498244
3813.410889 0.6624836847748811
3814.184814 0.6676525066664224
3814.958496 0.6303510809615402
3815.732422 0.5951269597657913
3816.506348 0.5675937136801478
3817.280273 0.5702155983438988
3818.053955 0.6029657551521289
3818.827881 0.6145269518265131
3819.601807 0.6472193921050559
3820.375488 0.6232492707161669
3821.149414 0.6196874789705937
3821.92334 0.633996164319545
3822.697021 0.6547191455178306
3823.470947 0.6694709010882722
3824.244873 0.6822688328113655
3825.018555 0.6807228272082669
3825.79248 0.69788836175075
3826.566406 0.7234531697892806
3827.340332 0.7043422546670959
3828.114014 0.7018196581957329
3828.887939 0.6764933693789043
3829.661865 0.6751914127514295
3830.435547 0.6907937105513847
3831.209473 0.7367043424521499
3831.983398 0.7427909029808157
3832.757324 0.7278338561412137
3833.531006 0.7123255144957646
3834.304932 0.7256396867635043
3835.078857 0.6793513046117231
3835.852539 0.7329927542263639
3836.626465 0.721806691096487
3837.400391 0.68477592606025
3838.174316 0.6984677497209854
3838.947998 0.7241156026932086
3839.721924 0.6937659436084369
3840.49585 0.6765258563626062
3841.269531 0.682670133654115
3842.043457 0.6841565957194
3842.817383 0.7044598108423457
3843.591309 0.7299436478672044
3844.36499 0.6916497827679761
3845.138916 0.7124324063620954
3845.912842 0.6962192207894696
3846.686523 0.7091198970051634
3847.460449 0.6959695434350595
3848.234375 0.7541173326083036
3849.008057 0.7520324246583834
3849.781982 0.734696357233347
3850.555908 0.7213586835697283
3851.32959 0.7759787977394987
3852.103516 0.7522204358254162
3852.877441 0.758929190313335
3853.651367 0.7577192150115215
3854.425049 0.7528336439636907
3855.198975 0.7548924338112231
3855.9729 0.7941708881852722
3856.746582 0.7645846783469226
3857.520508 0.7751060868321317
3858.294434 0.769041892231048
3859.068359 0.7940203015403655
3859.842041 0.7559260007066468
3860.615967 0.7222840256476398
3861.389893 0.7411124306617978
3862.163574 0.7728891565610713
3862.9375 0.7509686417158516
3863.711426 0.7512362909453747
3864.485352 0.7489510287984065
3865.259033 0.7383755571002955
3866.032959 0.7246980517647318
3866.806885 0.6993472244754357
3867.580566 0.651416412146571
3868.354492 0.6498754919026152
3869.128418 0.6442383212808996
3869.902344 0.6239409320196247
3870.676025 0.6075901943719368
3871.449951 0.6290436934381637
3872.223877 0.5972559080310464
3872.997559 0.580157471038154
3873.771484 0.5460300149675635
3874.54541 0.5729074936046538
3875.319092 0.5503456774567711
3876.093018 0.533433079086026
3876.866943 0.5602499281460157
3877.640625 0.5620047799433517
3878.414551 0.5348626145531618
3879.188477 0.5033342332902726
3879.962402 0.484221194819057
3880.736084 0.5091017969410424
3881.51001 0.5386949191466611
3882.283936 0.5190339925076453
3883.057617 0.5245453124398061
3883.831543 0.506529037951769
3884.605469 0.5071462948389095
3885.379395 0.5326508190702541
3886.153076 0.5369729001029417
3886.927002 0.5054330641332841
3887.700928 0.5137524531212581
3888.474609 0.49776198744010675
3889.248535 0.4867980517530507
3890.022461 0.4803568970656447
3890.796387 0.4677072311555426
3891.570068 0.4688618105264286
3892.343994 0.456958560206204
3893.11792 0.45476725444689786
3893.891602 0.4509715844439865
3894.665527 0.4346859198548784
3895.439453 0.4306955242668611
3896.213379 0.39574813674647824
3896.987061 0.38106989726910734
3897.760986 0.40033633634146715
3898.534912 0.35470831340674874
3899.308594 0.37922489092108064
3900.08252 0.35097929632549324
3900.856445 0.3340205345235381
3901.630371 0.3344535326516071
3902.404053 0.33354438486969223
3903.177979 0.3188188956886686
3903.95166 0.318777768420747
3904.725586 0.3393590995992503
3905.499512 0.319884554835181
3906.273438 0.3118935435118508
3907.047119 0.3215183943902106
3907.821045 0.30796609786653806
3908.594971 0.2819432596368376
3909.368652 0.2951211633516865
3910.142578 0.2965183598889948
3910.916504 0.32377413156358864
3911.69043 0.3150504794895977
3912.464111 0.30941706104268774
3913.238037 0.3261124198468703
3914.011963 0.3484923964593057
3914.785645 0.3249100974148539
3915.55957 0.36826875615769616
3916.333496 0.3889780119457751
3917.107422 0.36990264490858005
3917.881104 0.4206378233143066
3918.655029 0.4238098675487633
3919.428955 0.4663305245749915
3920.202637 0.4958918998331248
3920.976562 0.4906063116978718
3921.750488 0.5089274622215177
3922.524414 0.5213467553703485
3923.298096 0.5220826050430155
3924.072021 0.5669201720725215
3924.845947 0.5574968108595066
3925.619629 0.5759582290227435
3926.393555 0.6068032437296355
3927.16748 0.5830564351471857
3927.941406 0.5791010940535247
3928.715088 0.5731809192668376
3929.489014 0.5702318914979155
3930.262939 0.5958971728592969
3931.036621 0.5878485930601537
3931.810547 0.5711320040298418
3932.584473 0.5922741096589597
3933.358154 0.5554092862030777
3934.13208 0.5064510291813648
3934.906006 0.5130438075902657
3935.679688 0.5082229640642556
3936.453613 0.5100546889305432
3937.227539 0.47937596134076543
3938.001465 0.47020839991789176
3938.775146 0.48062390418434847
3939.549072 0.46998898780644405
3940.322998 0.4508693829710295
3941.09668 0.4765656211152026
3941.870605 0.4703132180973574
3942.644531 0.45191514507574976
3943.418457 0.4312348215794517
3944.192139 0.43717528837370007
3944.966064 0.4406607006409551
3945.73999 0.4399406500653599
3946.513672 0.4379553760777424
3947.287598 0.40707584989613754
3948.061523 0.4095438895639655
3948.835449 0.43391259623107514
3949.609131 0.41407921107651535
3950.383057 0.4310366891231434
3951.156982 0.4528908471544561
3951.930664 0.47352194588510066
3952.70459 0.48871529020566506
3953.478516 0.4535032159321825
3954.252441 0.5120335938036908
3955.026123 0.5265994118939648
3955.800049 0.5712855529180161
3956.573975 0.5607859176785797
3957.347656 0.6136955659031079
3958.121582 0.6233832186702979
3958.895508 0.6787366152352369
3959.669189 0.7015668208820148
3960.443115 0.721023937256926
3961.217041 0.7532064074804281
3961.990723 0.7686784108761937
3962.764648 0.7845289542213576
3963.538574 0.8049201021542542
3964.3125 0.8131302292481277
3965.086182 0.822188775921951
3965.860107 0.8557273151816841
3966.634033 0.8716340940514792
3967.407715 0.8844111413183579
3968.181641 0.8983135885192913
3968.955566 0.8938816039479953
3969.729492 0.9255010285511333
3970.503174 0.9287088677824742
3971.2771 0.9208084551714577
3972.051025 0.9307655345141314
3972.824707 0.9221952338454301
3973.598633 0.9879685783914609
3974.372559 0.9823874950073465
3975.146484 0.9965565543612147
3975.920166 0.9778752304958966
3976.694092 1.0
3977.468018 0.9816337720844308
3978.241699 0.9444405714302165
3979.015625 0.9641166552886408
3979.789551 0.9981469458164071
3980.563477 0.9754317784963904
3981.337158 0.9895119670548952
3982.111084 0.9903374776876196
3982.88501 0.9786567994381505
3983.658691 0.962987601571489
3984.432617 0.9554579776483653
3985.206543 0.9607350241242633
3985.980225 0.9621409595706555
3986.75415 0.942491339351378
3987.528076 0.9421061341797609
3988.301758 0.9150177354284122
3989.075684 0.8898447980168734
3989.849609 0.9296989868112165
3990.623535 0.910289120139958
3991.397217 0.908557424201742
3992.171143 0.9080314079045793
3992.945068 0.8991562806292791
3993.71875 0.9390186653130628
3994.492676 0.9485421540790138
3995.266602 0.9312671606258571
3996.040527 0.9187836832080046
3996.814209 0.9555606727119557
3997.588135 0.928776804459457
3998.362061 0.931970819422571
3999.135742 0.9360900776055765
3999.909668 0.94786565022812
4000.683594 0.9185598276150777
4001.45752 0.9324782713959676
4002.231201 0.9156439781365313
4003.005127 0.9200261951556861
4003.779053 0.8996860491012476
4004.552734 0.8817237883971023
4005.32666 0.8801567994797687
4006.100586 0.8821488867434797
4006.874512 0.8990492407090739
4007.648193 0.8709864238675019
4008.422119 0.8529953294964402
4009.196045 0.8699418960890989
4009.969727 0.8743939259892172
4010.743652 0.8723357780193483
4011.517578 0.874077052460352
4012.291504 0.8587501057224155
4013.065186 0.8527111404341615
4013.839111 0.8555447351437089
4014.612793 0.8552526465328942
4015.386719 0.8385315153962386
4016.160645 0.8269866118758712
4016.93457 0.8429294328876008
4017.708252 0.8298340308536455
4018.482178 0.8675703306574214
4019.256104 0.8660901388485862
4020.029785 0.8928145624212913
4020.803711 0.837389822308167
4021.577637 0.8519259179419663
4022.351562 0.8575788878939095
4023.125244 0.872398876249083
4023.89917 0.8869877019114468
4024.673096 0.8564672136032171
4025.446777 0.8625324450477335
4026.220703 0.8373694808715957
4026.994629 0.8563812064262568
4027.768555 0.8570966160374883
4028.542236 0.8402251943636749
4029.316162 0.8563707393670665
4030.090088 0.8344667645877584
4030.86377 0.8339649409931481
4031.637695 0.8468798366759934
4032.411621 0.8124553546893201
4033.185547 0.8392188812720917
4033.959229 0.822432084395047
4034.733154 0.828141487354506
4035.506836 0.8255634947190597
4036.280762 0.8134925751346851
4037.054688 0.7969951018749162
4037.828613 0.8177574826573287
4038.602539 0.8279628077783665
4039.376221 0.841335683990216
4040.150146 0.8544366155449375
4040.923828 0.8202970139272165
4041.697754 0.8237983241495636
4042.47168 0.8398633917299169
4043.245605 0.8658253040416121
4044.019287 0.8484272738551379
4044.793213 0.8313074091532315
4045.567139 0.8215758146955711
4046.34082 0.7879506263812143
4047.114746 0.8267310589976244
4047.888672 0.8641192818110048
4048.662598 0.8345068550122473
4049.436279 0.8316734580187402
4050.210205 0.836433770592514
4050.984131 0.8245130424541213
4051.757812 0.8079962151722038
4052.531738 0.7897689716072097
4053.305664 0.780953930656211
4054.07959 0.8084262508238496
4054.853271 0.8045978963543517
4055.627197 0.8023372218757053
4056.401123 0.8194049489977007
4057.174805 0.8035082419881711
4057.94873 0.8030319442804508
4058.722656 0.7974883346143168
4059.496582 0.786295457975191
4060.270264 0.8118614017151742
4061.044189 0.8136273624493641
4061.817871 0.7987837740734471
4062.591797 0.8068722470473505
4063.365723 0.8241518816980268
4064.139648 0.8053673195163191
4064.913574 0.7970517323653166
4065.687256 0.782460684962213
4066.461182 0.7713175761083841
4067.234863 0.7651295054134349
4068.008789 0.7914156477828879
4068.782715 0.7977589955161175
4069.556641 0.7868796351968201
4070.330322 0.7807605874512966
4071.104248 0.7725350559929646
4071.878174 0.7924568675481088
4072.651855 0.7666921000451435
4073.425781 0.754319069185543
4074.199707 0.7403008925843304
4074.973633 0.7152894530385119
4075.747314 0.7032737813311903
4076.52124 0.7181399331175738
4077.295166 0.7218641607142797
4078.068848 0.6702946341418803
4078.842773 0.646551034481437
4079.616699 0.6151203615478598
4080.390625 0.6370025630813952
4081.164307 0.6287449888009846
4081.938232 0.6170301446135616
4082.712158 0.6167792329328344
4083.48584 0.6187106906194448
4084.259766 0.6247590366944465
4085.033691 0.6537725734469455
4085.807617 0.6668850583333
4086.581299 0.6808982976292443
4087.355225 0.6576396361938965
4088.128906 0.7093006996971781
4088.902832 0.7251340121360683
4089.676758 0.6987236973318454
4090.450684 0.7126184424671274
4091.224609 0.7300576493505332
4091.998291 0.7442184636191065
4092.772217 0.738949859711388
4093.545898 0.7677516864180907
4094.319824 0.7823633221696601
4095.09375 0.7972938065120954
4095.867676 0.8223907102152308
4096.641602 0.7865983097529446
4097.415039 0.79865451651269
4098.188965 0.8128090602916578
4098.962891 0.825405008525617
4099.736816 0.8187058817363403
4100.510742 0.8221601891669291
4101.284668 0.8126167539301759
4102.058594 0.7977319391951615
4102.832031 0.8164054623699638
4103.605957 0.8274774745875019
4104.379883 0.8262868041119827
4105.153809 0.8327563975005361
4105.927734 0.8141529341185922
4106.70166 0.8161666468073573
4107.475586 0.8275168739384731
4108.249023 0.8238891697737721
4109.022949 0.8090135877716309
4109.796875 0.8361296350594332
4110.570801 0.8054795928495417
4111.344727 0.8285945800072518
4112.118652 0.8036096535295899
4112.892578 0.8330229110286066
4113.666016 0.8133171047137078
4114.439941 0.8313796906868293
4115.213867 0.8338906846307053
4115.987793 0.8410264136689821
4116.761719 0.8197316971371025
4117.535645 0.85782881239337
4118.30957 0.8603846365841188
4119.083008 0.8533381730738187
4119.856934 0.8558597327017491
4120.630859 0.8435506394324314
4121.404785 0.8643177598040721
4122.178711 0.8299669419643438
4122.952637 0.8716764558788737
4123.726562 0.8536180172794824
4124.5 0.8591998905951347
4125.273926 0.8695214387070851
4126.047852 0.8337373329922598
4126.821777 0.8532075331328698
4127.595703 0.8803523152295686
4128.369629 0.8380247544963602
4129.143555 0.8552485980171839
4129.916992 0.8562653781679576
4130.690918 0.8450283625886323
4131.464844 0.8405149131798756
4132.23877 0.8130817454513136
4133.012695 0.8335704536596478
4133.786621 0.8340366300780925
4134.560547 0.835924442415137
4135.333984 0.8370215025060643
4136.10791 0.8279434535230622
4136.881836 0.8344164043538078
4137.655762 0.8174064431905097
4138.429688 0.8279580185269727
4139.203613 0.8075180904563571
4139.977539 0.7881022992985636
4140.750977 0.7849994263005627
4141.524902 0.7945640917634453
4142.298828 0.764518913981669
4143.072754 0.7635686881276869
4143.84668 0.764323250177995
4144.620605 0.7478067190038263
4145.394043 0.7427159553116992
4146.167969 0.7317115342343852
4146.941895 0.7165102903652847
4147.71582 0.7211854845516564
4148.489746 0.7086997359640543
4149.263672 0.6729526595724303
4150.037109 0.6724387398596995
4150.811035 0.647504025328958
4151.584961 0.6465888539693321
4152.358887 0.644945732485575
4153.132812 0.6367005012351795
4153.906738 0.6192361142347985
4154.680664 0.6187906250228398
4155.454102 0.605556732695254
4156.228027 0.592029814004597
4157.001953 0.6053204846433018
4157.775879 0.605660069636508
4158.549805 0.6001117698101559
4159.32373 0.5999847339901383
4160.097656 0.6014919324577637
4160.871094 0.6057812795948547
4161.64502 0.6165200265046465
4162.418945 0.6310232399558192
4163.192871 0.6233708756402827
4163.966797 0.6245636692316769
4164.740723 0.6276865381294902
4165.514648 0.6541050980190081
4166.288086 0.6928616837027802
4167.062012 0.6891105478389928
4167.835938 0.6885644370171533
4168.609863 0.7041789792222594
4169.383789 0.7041777943249523
4170.157715 0.7385465838066378
4170.931641 0.7480521011637874
4171.705078 0.7372837304223853
4172.479004 0.7421346911374832
4173.25293 0.7606819189947959
4174.026855 0.7619643241172375
4174.800781 0.7658952255964512
4175.574707 0.7816984700421079
4176.348633 0.8048769503953217
4177.12207 0.7835934908541704
4177.895996 0.8115837300543955
4178.669922 0.787117611165723
4179.443848 0.8021323253391579
4180.217773 0.827842536038588
4180.991699 0.8251935456248709
4181.765625 0.8241611141977442
4182.539062 0.8012379892398925
4183.312988 0.815105085605565
4184.086914 0.8254813388080808
4184.86084 0.8291445912909273
4185.634766 0.8174561121177866
4186.408691 0.8231395942245867
4187.182617 0.8313046443928485
4187.956055 0.8197278461042768
4188.72998 0.820864947423839
4189.503906 0.8341594690953696
4190.277832 0.8172177409499591
4191.051758 0.8099757124940049
4191.825684 0.833722422684746
4192.599609 0.8152114342190966
4193.373047 0.8283061449463784
4194.146973 0.8097995509995096
4194.920898 0.8071286390529896
4195.694824 0.8046224837895177
4196.46875 0.8027704172535032
4197.242676 0.8077320716719032
4198.016113 0.7881786293478716
4198.790039 0.8118250634654908
4199.563965 0.7942054488558393
4200.337891 0.7670630367869105
4201.111816 0.7689195962334143
4201.885742 0.778146009887428
4202.65918 0.7807120542254724
4203.433105 0.7456835968333977
4204.207031 0.7386859134608162
4204.980957 0.7308733842307409
4205.754883 0.7235084673284995
4206.528809 0.710829671643732
4207.302734 0.7225962090162869
4208.076172 0.6768014545696752
4208.850098 0.6633792057714535
4209.624023 0.6528131640559445
4210.397949 0.635491365293914
4211.171875 0.6313210558034402
4211.945801 0.6144107286024448
4212.719727 0.6032840112943414
4213.493164 0.6077125397985805
4214.26709 0.6209023421486656
4215.041016 0.6114957184844465
4215.814941 0.6060706032121306
4216.588867 0.5968270572767077
4217.362793 0.5877275313888372
4218.136719 0.6145817061129327
4218.910156 0.6244643808061333
4219.684082 0.6128136222628677
4220.458008 0.6185996516125395
4221.231934 0.6267296470532892
4222.005859 0.6106263155902617
4222.779785 0.5908791350955468
4223.553711 0.5962822794060496
4224.327148 0.6208232965348288
4225.101074 0.605672857294458
4225.875 0.6291815910499848
4226.648926 0.6378682629966288
4227.422852 0.6323491918029622
4228.196777 0.6564229954367083
4228.970703 0.6434079722009269
4229.744141 0.6636519401269637
4230.518066 0.6831512700422392
4231.291992 0.6856421197992726
4232.065918 0.6818704450160294
4232.839844 0.6920365186068148
4233.61377 0.69806871981483
4234.387695 0.7202829525629503
4235.161133 0.7136954078002224
4235.935059 0.7047994946935721
4236.708984 0.7191948782930014
4237.48291 0.726586061351505
4238.256836 0.7176161879901606
4239.030762 0.7150299996984294
4239.804688 0.7291852347840707
4240.578125 0.7538202080673563
4241.352051 0.767415409204911
4242.125977 0.7457673820364626
4242.899902 0.7569241179087897
4243.673828 0.7509519538292216
4244.447754 0.7679050378233805
4245.22168 0.7604048892116809
4245.995117 0.7570314047408894
4246.769043 0.7492026812148174
4247.542969 0.7454532240721262
4248.316895 0.742690034692196
4249.09082 0.7585878277410126
4249.864746 0.777886309635451
4250.638184 0.7667589012538296
4251.412109 0.7622009177059487
4252.186035 0.7761044511793248
4252.959961 0.7814325491958467
4253.733887 0.7687623443662889
4254.507812 0.7510876791293131
4255.28125 0.7497807360007156
4256.055176 0.7552857854432709
4256.829102 0.7689431468251479
4257.603027 0.7604747515216546
4258.376953 0.7472590777479207
4259.150879 0.7549438306554505
4259.924805 0.7597193006817885
4260.698242 0.7558633960675456
4261.472168 0.7382304507803007
4262.246094 0.7228141890853773
4263.02002 0.7203343988361878
4263.793945 0.6772002867597904
4264.567871 0.6836426265776591
4265.341797 0.674527350788571
4266.115234 0.6936784551932649
4266.88916 0.6756482083831264
4267.663086 0.6219754072530806
4268.437012 0.6329248767942462
4269.210938 0.6216391302730566
4269.984863 0.5941514549368139
4270.758789 0.5817646986670066
4271.532227 0.5669201720725215
4272.306152 0.5573804395815639
4273.080078 0.5739890507062583
4273.854004 0.5277470294685715
4274.62793 0.538073811226695
4275.401855 0.5281945431715411
4276.175781 0.525700187918441
4276.949219 0.5152573312232794
4277.723145 0.5009122087666247
4278.49707 0.4877006823666211
4279.270996 0.4888545210018234
4280.044922 0.46361354805528143
4280.818848 0.4619187333863924
4281.592773 0.4771333571289406
4282.366211 0.47264291552542936
4283.140137 0.4771452065683224
4283.914062 0.47143471756957644
4284.687988 0.48146595464982844
4285.461914 0.4834808522359006
4286.23584 0.49121403951123443
4287.009766 0.47908920500098817
4287.783203 0.4911471891066941
4288.557129 0.49922736756629255
4289.331055 0.5118704666458844
4290.10498 0.4999272247591908
4290.878906 0.4875200773906466
4291.652832 0.5088296056051756
4292.426758 0.5071327666784315
4293.200195 0.5047294053365701
4293.974121 0.5190920548072473
4294.748047 0.5287163132369536
4295.521973 0.5236674175484318
4296.295898 0.5284849530612595
4297.069824 0.5624348650240075
4297.84375 0.5545569169654377
4298.617188 0.5830743079311228
4299.391113 0.5774823625220492
4300.165039 0.5727260490349755
4300.938965 0.5835597397468518
4301.712891 0.5804354390398371
4302.486816 0.5956939058479914
4303.260742 0.6078951198365558
4304.03418 0.6136611530532595
4304.808105 0.596076198205351
4305.582031 0.6101350084838518
4306.355957 0.6049754687541937
4307.129883 0.5879954272970992
4307.90332 0.5976595292393999
4308.677246 0.5757953982058418
4309.451172 0.5699170419937498
4310.225098 0.5728875471338515
4310.999023 0.5678933068737293
4311.772949 0.5629767792762624
4312.546875 0.5430633116644332
4313.320312 0.5424935019638301
4314.094238 0.5291128742573191
4314.868164 0.5323093578730673
4315.64209 0.5288295739845985
4316.416016 0.5127725542398115
4317.189941 0.4974148484351235
4317.963867 0.5178411002913865
4318.737305 0.5145086444636523
4319.51123 0.5179061239209563
4320.285156 0.5225728261101386
4321.059082 0.5133940076965366
4321.833008 0.5377532347188786
4322.606934 0.5235183121417368
4323.380859 0.5242097265333001
4324.154297 0.5521256599420723
4324.928223 0.5537879873941037
4325.702148 0.5537350601158103
4326.476074 0.5524446565868126
4327.25 0.5537537228312854
4328.023926 0.5624693764987204
4328.797852 0.5826718221910664
4329.571289 0.5984506272554315
4330.345215 0.5574516350758748
4331.119141 0.5755099256213917
4331.893066 0.5937764204834823
4332.666992 0.610458251127187
4333.440918 0.6190628163587064
4334.214844 0.6471967792655793
4334.988281 0.6605856522905409
4335.762207 0.6933078147924026
4336.536133 0.6831025885293849
4337.310059 0.6994480433350454
4338.083984 0.7157618010885419
4338.85791 0.7494554196705153
4339.631836 0.7446059399604732
4340.405273 0.7648511916418371
4341.179199 0.7761343708855282
4341.953125 0.761077542029749
4342.727051 0.7670550383803545
4343.500977 0.7806439692614593
4344.274902 0.7706966162422924
4345.048828 0.7427096850552494
4345.822266 0.7550874063082237
4346.596191 0.7676341794386952
4347.370117 0.7699719741313434
4348.144043 0.7770389765610993
4348.917969 0.7678289544528112
4349.691895 0.7841043002697592
4350.46582 0.7906283024079733
4351.239258 0.7920735383473166
4352.013184 0.7826165050201369
4352.787109 0.7958374616358983
4353.561035 0.7938494228878976
4354.334961 0.7947794553591829
4355.108887 0.8045444750191135
4355.882812 0.8114174429372814
4356.65625 0.8087859800038982
4357.430176 0.7851476429176996
4358.204102 0.7807219286028535
4358.978027 0.7733611590743424
4359.751953 0.7485263746136525
4360.525879 0.7372317411295044
4361.299316 0.702133075890697
4362.073242 0.6678207686123816
4362.847168 0.7021395930590414
4363.621094 0.7003756071536966
4364.39502 0.7031403763967028
4365.168945 0.6856553516188459
4365.942383 0.6914088443226499
4366.716309 0.6847639285669936
4367.490234 0.6722762545795566
4368.26416 0.6684441474689418
4369.038086 0.6642863292955133
4369.812012 0.6452195036845177
4370.585938 0.653798543262303
4371.359375 0.6420954993184076
4372.133301 0.6261488767028622
4372.907227 0.6291768020317466
4373.681152 0.604226584511682
4374.455078 0.60018972915155
4375.229004 0.6076494415688458
4376.00293 0.6004049444602575
4376.776367 0.6089638400843559
4377.550293 0.6290467051104414
4378.324219 0.6172956212981995
4379.098145 0.6251590537818688
4379.87207 0.6420963386789558
4380.645996 0.6448001820039568
4381.419922 0.6383272311732111
4382.193359 0.6453726576069231
4382.967285 0.624751235770775
4383.741211 0.6394189589931013
4384.515137 0.6463138484440722
4385.289062 0.6591339978077175
4386.062988 0.6690208198746483
4386.836914 0.6710488506554294
4387.610352 0.6735260736271205
4388.384277 0.6754883892385023
4389.158203 0.6691372405816012
4389.932129 0.6572210547827079
4390.706055 0.6532223152513755
4391.47998 0.6524670618943939
4392.253906 0.6471804369157083
4393.027344 0.6656872780076272
4393.80127 0.66058609668532
4394.575195 0.6493925287395204
4395.349121 0.6488594030585153
4396.123047 0.6320889979603518
4396.896973 0.6521805030375011
4397.670898 0.6487085203058597
4398.444336 0.6505034133318304
4399.218262 0.6926996425842608
4399.992188 0.7002374132009709
4400.766113 0.697716939845483
4401.540039 0.6986073260539026
4402.313965 0.6830174207129726
4403.087891 0.6847482775237962
4403.861328 0.7042052456116772
4404.635254 0.6925789758787133
4405.40918 0.6957196189355991
4406.183105 0.7052667573844594
4406.957031 0.7123387463153381
4407.730957 0.7291978741549905
4408.504883 0.7320432688749097
4409.27832 0.7355582553116091
4410.052246 0.7445735516016356
4410.826172 0.746407202100914
4411.600098 0.7375280757389138
4412.374023 0.7456153638155101
4413.147949 0.7604618652388402
4413.921387 0.7588737941492517
4414.695312 0.7546896603905511
4415.469238 0.7510017213813628
4416.243164 0.7434580754739719
4417.01709 0.7378417895416268
4417.791016 0.7246358420913994
4418.564453 0.7179428869337082
4419.338379 0.7086992421402653
4420.112305 0.7284261798232734
4420.88623 0.7286555651701223
4421.660156 0.709336840463977
4422.434082 0.6939593362423613
4423.208008 0.6985350939493149
4423.981445 0.6843631215480334
4424.755371 0.6780543347185266
4425.529297 0.6697623970172776
4426.303223 0.6823235870977852
4427.077148 0.6690030457155757
4427.851074 0.6643768785788172
4428.625 0.6790552169142082
4429.398438 0.6653550987391678
4430.172363 0.6854610209995089
4430.946289 0.6857637739192426
4431.720215 0.7026288759075962
4432.494141 0.6852612592511146
4433.268066 0.6873638919310975
4434.041992 0.7025952037934314
4434.81543 0.696484944386002
4435.589355 0.6898188478332264
4436.363281 0.697164410713319
4437.137207 0.7062088859738653
4437.911133 0.708305544738303
4438.685059 0.684476283670814
4439.458984 0.6921318573746684
4440.232422 0.6843147855719379
4441.006348 0.7231471582853748
4441.780273 0.708628441844879
4442.554199 0.6634877761257247
4443.328125 0.6606383328900953
4444.102051 0.6349534997905251
4444.875977 0.6551929748060725
4445.649414 0.645317903553659
4446.42334 0.6526207096405883
4447.197266 0.6518165280920134
4447.971191 0.6559937002875905
4448.745117 0.6633311661362628
4449.519043 0.6594531919353425
4450.292969 0.6554645736932857
4451.066406 0.6606052532245842
4451.840332 0.6550177512969898
4452.614258 0.6717522133443946
4453.388184 0.6744863713413681
4454.162109 0.6595705014318534
4454.936035 0.6674963408385838
4455.709961 0.6649911729895344
4456.483398 0.6672975173087575
4457.257324 0.6702557283815426
4458.03125 0.6560759552897453
4458.805176 0.6514150297663794
4459.579102 0.6537983457794185
4460.353027 0.6635063896453455
4461.126953 0.6475800098415071
4461.900391 0.6413654260784012
4462.674316 0.6666397750313591
4463.448242 0.6633716023306665
4464.222168 0.6520865471161504
4464.996094 0.6620004252708815
4465.77002 0.6685680727586615
4466.543457 0.6442330878678824
4467.317383 0.6551280498013671
4468.091309 0.6505636479431619
4468.865234 0.6427710157548788
4469.63916 0.6544112578099441
4470.413086 0.6268657178901397
4471.186523 0.6121143083227685
4471.960449 0.6490965399000257
4472.734375 0.637050948253345
4473.508301 0.6202770870881248
4474.282227 0.6184693572083496
4475.056152 0.6236275639868263
4475.830078 0.6281869793439088
4476.603516 0.6266660549997654
4477.377441 0.608322193244934
4478.151367 0.6156284553989199
4478.925293 0.6039870776424018
4479.699219 0.6270465700111644
4480.473145 0.6058641268125071
4481.24707 0.5998694981804926
4482.020508 0.6198690221651364
4482.794434 0.6040482999013117
4483.568359 0.5884210194672657
4484.342285 0.5938274717909509
4485.116211 0.6045645894086565
4485.890137 0.5946720401049193
4486.664062 0.6069785660967383
4487.4375 0.5959314374221152
4488.211426 0.6034535075666176
4488.985352 0.5863951612313699
4489.759277 0.5890843409275961
4490.533203 0.6061051641158534
4491.307129 0.5931055944403849
4492.081055 0.5989628190512118
4492.854492 0.5727068430667012
4493.628418 0.5788273226214263
4494.402344 0.5508604861922157
4495.17627 0.5547489272191706
4495.950195 0.56075412153524
4496.724121 0.5706369445154706
4497.498047 0.572666653784192
4498.271484 0.572779124600299
4499.04541 0.5734167229240108
4499.819336 0.5607181782513255
4500.593262 0.5582819347268373
4501.367188 0.5553603580114846
4502.141113 0.5665410888703242
4502.915039 0.5477207811207424
4503.688477 0.5711522468415487
4504.462402 0.5574055702695291
4505.236328 0.5746456575153598
4506.010254 0.56572604529679
4506.78418 0.5740468166649555
4507.558105 0.5654604205582777
4508.332031 0.5709852192219065
4509.105469 0.5843143512261699
4509.879395 0.5812515194568039
4510.65332 0.5775237369350211
4511.427246 0.5764844428027909
4512.201172 0.5602414855778362
4512.975098 0.5763466930116886
4513.749023 0.5805411457757051
4514.522461 0.5663109135919372
4515.296387 0.5842461182082824
4516.070312 0.5807023969626864
4516.844238 0.5635175083980547
4517.618164 0.5694996951420339
4518.39209 0.5822093979474273
4519.165527 0.5742282118056237
4519.939453 0.554865940374777
4520.713379 0.5709675436876982
4521.487305 0.5717091702593374
4522.26123 0.5649889612978058
4523.035156 0.5724846661948704
4523.808594 0.5585652349995579
4524.583008 0.555433231993736
4525.356445 0.5514421450990451
4526.130371 0.5503816207406855
4526.904297 0.5528470931310149
4527.678223 0.5370542660823826
4528.452148 0.5505634602761327
4529.225586 0.5380172301653047
4530.0 0.5432700841718056
4530.773438 0.5449653926644836
4531.547363 0.5283071128456682
4532.321289 0.5253453468478063
4533.095215 0.5345758584465402
4533.869141 0.5173930435687735
4534.642578 0.5260212088210364
4535.416504 0.5340680112742191
4536.19043 0.5207332508911693
4536.964355 0.5322288804500289
4537.738281 0.5208758388963642
4538.512207 0.5202802568632879
4539.286133 0.5439925047751706
4540.05957 0.5270758084597051
4540.833496 0.534932328809261
4541.607422 0.55432728493985
4542.381348 0.5546318646345543
4543.155273 0.5386510760810551
4543.929199 0.5735837013477986
4544.703125 0.562605299514852
4545.476562 0.5580499821024899
4546.250488 0.5444257990109885
4547.024414 0.5402754359913169
4547.79834 0.5360836493628192
4548.572266 0.540050148822344
4549.346191 0.5462228645818444
4550.120117 0.540827372907983
4550.893555 0.5465899994866401
4551.66748 0.5509122285732021
4552.441406 0.555254700471471
4553.215332 0.5429417561693276
4553.989258 0.5399092885009439
4554.763184 0.5499656068401512
4555.537109 0.5392225150737444
4556.310547 0.5453983413635427
4557.084473 0.5305077501958676
4557.858398 0.5380705526425228
4558.632324 0.5296462962792289
4559.40625 0.547992923027599
4560.180176 0.5357175513014562
4560.954102 0.5416920359797839
4561.727539 0.5404545599622355
4562.501465 0.5505332936580347
4563.275391 0.5400541479090442
4564.049316 0.5521222533040256
4564.823242 0.5649607695085529
4565.59668 0.5780299051530904
4566.371094 0.5875257453825877
4567.144531 0.5855821419156909
4567.918457 0.5762397519495035
4568.692383 0.5920756810949024
4569.466309 0.6140672925764129
4570.240234 0.615630430227765
4571.013672 0.6162594871252771
4571.788086 0.6421189512852766
4572.561523 0.6240399735332739
4573.335449 0.6617780509161663
4574.109375 0.6799571562211051
4574.883301 0.6769904529179748
4575.657227 0.6933490903473543
4576.430664 0.7031592368282181
4577.205078 0.727661101284765
4577.978516 0.7232569629659631
4578.752441 0.7043623986207826
4579.526367 0.7460342413344477
4580.300293 0.7566612085016504
4581.074219 0.7536238529570085
4581.847656 0.7634393317089097
4582.62207 0.772174240773629
4583.395508 0.7911638473126026
4584.169434 0.7895842190243493
4584.943359 0.7828511237800032
4585.717285 0.7999441298769938
4586.491211 0.7923756988183968
4587.264648 0.7872726412921088
4588.038574 0.7835840112094027
4588.8125 0.8064193024484791
4589.586426 0.8102204527763024
4590.360352 0.8004151447426868
4591.134277 0.7932999054280112
4591.908203 0.780267354711896
4592.681641 0.7643505531776897
4593.455566 0.7786345520002991
4594.229492 0.783503928985289
4595.003418 0.7545367037178746
4595.777344 0.7759529757448599
4596.55127 0.7688563497166494
4597.325195 0.7514505188396595
4598.098633 0.749749878075944
4598.872559 0.7433434323461354
4599.646484 0.7602127309040736
4600.42041 0.7529592974035166
4601.194336 0.7320586238103582
4601.968262 0.7333874390427487
4602.742188 0.7210199873660803
4603.515625 0.7161899605362071
4604.289551 0.7169110479552349
4605.063477 0.7017421926781278
4605.837402 0.6948563384771453
4606.611328 0.6882480078830672
4607.385254 0.6979890817523396
4608.15918 0.6925165689556522
4608.932617 0.7098591041200228
4609.706543 0.6886874737504707
4610.480469 0.6925446618868849
4611.254395 0.6862245688707955
4612.02832 0.6887360069762948
4612.802246 0.6989483428563105
4613.576172 0.7035470095104895
4614.349609 0.6890138761199578
4615.123535 0.6943944572531499
4615.897461 0.6927080359565859
4616.671387 0.6944320298291504
4617.445312 0.7004223630335602
4618.21875 0.7095217902965663
4618.993164 0.7084791389552996
4619.766602 0.7265669048122407
4620.540527 0.7065294132858274
4621.314453 0.7156685854365636
4622.088379 0.73015975196547
4622.862305 0.741921154549872
4623.635742 0.7416959660057635
4624.410156 0.7435414659444236
4625.183594 0.7476160419344305
4625.95752 0.7511655398458429
4626.731445 0.7372155962625179
4627.505371 0.753595068719102
4628.279297 0.7584995496274582
4629.052734 0.7582499708979126
4629.827148 0.7552542858739913
4630.600586 0.7662224675596422
4631.374512 0.7499370498824286
4632.148438 0.7671427734742652
4632.922363 0.7547860357686814
4633.696289 0.7698517515874193
4634.469727 0.7555318589099055
4635.244141 0.751322693088104
4636.017578 0.7478279986589658
4636.791504 0.7649400132413463
4637.56543 0.7630213429795302
4638.339355 0.759294893408929
4639.113281 0.7561024091130366
4639.886719 0.7514252892936742
4640.660645 0.7625526979084514
4641.43457 0.7554618483129016
4642.208496 0.7569432250190439
4642.982422 0.7540650964035281
4643.756348 0.7531596021715545
4644.530273 0.7378252497088712
4645.303711 0.7522225092791256
4646.077637 0.7421566126702862
4646.851562 0.7513553283588361
4647.625488 0.753482202937226
4648.399414 0.7387298551512866
4649.17334 0.754623945221152
4649.947266 0.7573282823699422
4650.720703 0.7658933001966162
4651.494629 0.7532689624573637
4652.268555 0.7538443019118888
4653.04248 0.7484142493343044
4653.816406 0.7463348711383061
4654.590332 0.7530428359278427
4655.364258 0.7470915068754793
4656.137695 0.7667232543108198
4656.911621 0.7361313235963846
4657.685547 0.7742115534831374
4658.459473 0.7669259783024818
4659.233398 0.7588287664194944
4660.007324 0.7415143733822108
4660.78125 0.7458776311118299
4661.554688 0.7357075582011887
4662.328613 0.7424735356281614
4663.102539 0.7444587107577589
4663.876465 0.7405891301623194
4664.650391 0.7486356857036074
4665.424316 0.7430350013854496
4666.198242 0.7341745377389245
4666.97168 0.7485816721528713
4667.745605 0.741772493537956
4668.519531 0.7352494788141645
4669.293457 0.743994904367084
4670.067383 0.7393587637617688
4670.841309 0.7232915238696859
4671.615234 0.7426347373861328
4672.388672 0.7750853998588015
4673.162598 0.7564463389628577
4673.936523 0.7348826894461279
4674.710449 0.759085355908018
4675.484375 0.8005667682310261
4676.257812 0.9147855853211802
4677.032227 0.8284215782389087
4677.805664 0.7569787241413349
4678.57959 0.7371182334699649
4679.353516 0.744168942745704
4680.127441 0.7418052770957183
4680.901367 0.7351744325201836
4681.674805 0.7385309821924505
4682.449219 0.719604918044835
4683.222656 0.7406339604091923
4683.996582 0.7589755512274297
4684.770508 0.7510338136324515
4685.544434 0.7386828029305185
4686.318359 0.7434113690231184
4687.091797 0.741452410620773
4687.866211 0.7328706557116148
4688.639648 0.7215729608930233
4689.413574 0.7217524798297108
4690.1875 0.7642570908469725
4690.961426 0.8009442221411374
4691.735352 0.7959739768675278
4692.508789 0.8113925591612109
4693.282715 0.8015706620989853
4694.056641 0.8318032091701307
4694.830566 0.8375659840358178
4695.604492 0.9259612802498869
4696.378418 0.83625484410448
4697.152344 0.9879449781375617
4697.925781 0.7794159728886785
4698.699707 0.7124393679252189
4699.473633 0.715828947833987
4700.247559 0.7248283953647758
4701.021484 0.7274015987488283
4701.79541 0.7651196308028982
4702.569336 0.7038995302155202
4703.342773 0.6791068606703301
4704.116699 0.6995963093811924
4704.890625 0.709466394132483
4705.664551 0.7072104594762205
4706.438477 0.7040424145616198
4707.212402 0.702618902672195
4707.986328 0.6919704581338125
4708.759766 0.6722059478748039
4709.533691 0.6765134639035809
4710.307617 0.6632145479464254
4711.081543 0.6809217990251233
4711.855469 0.7067447274525549
4712.629395 0.690149348147434
4713.40332 0.6830251722076341
4714.176758 0.7044147336835782
4714.950684 0.6746705312424194
4715.724609 0.6707008228608881
4716.498535 0.6840624915110193
4717.272461 0.696073077859198
4718.046387 0.6849534701680924
4718.820312 0.710375245806649
4719.59375 0.7082744893306469
4720.367676 0.71658548471314
4721.141602 0.7057856638314686
4721.915527 0.6859485262689474
4722.689453 0.7011512513762594
4723.463379 0.7103856140078192
4724.237305 0.7014116427017545
4725.010742 0.6887600019628073
4725.784668 0.70325299549984
4726.558594 0.7182237677496488
4727.33252 0.6864950814855661
4728.106445 0.6963119426176588
4728.879883 0.7135889111328164
4729.654297 0.7023331337468403
4730.427734 0.7140034932241492
4731.20166 0.7056716129191299
4731.975586 0.7032200638882031
4732.749512 0.6937225449376098
4733.523438 0.7139613783086494
4734.296875 0.7106241826585312
4735.071289 0.703254920899675
4735.844727 0.6929372732495603
4736.618652 0.7139372350351066
4737.392578 0.6980407749374716
4738.166504 0.7147385035362682
4738.94043 0.7230871211569277
4739.713867 0.7118551412745796
4740.488281 0.7082644666662357
4741.261719 0.7088452370166625
4742.035645 0.7123118877104223
4742.80957 0.7100306740791644
4743.583496 0.7127909009826713
4744.357422 0.7103719872224769
4745.130859 0.7048222061579131
4745.904785 0.714904198204729
4746.678711 0.7181014717520151
4747.452637 0.7334979350300107
4748.226562 0.699672195268877
4749.000488 0.7062538150787583
4749.774414 0.6990661459434548
4750.547852 0.716009849150866
4751.321777 0.6861711475355574
4752.095703 0.6876452665708271
4752.869629 0.6859718301819421
4753.643555 0.69393899480579
4754.41748 0.6919501658930955
4755.191406 0.6845277791399057
4755.964844 0.6949329154383481
4756.73877 0.6881912785346467
4757.512695 0.6914094862003135
4758.286621 0.687461896601314
4759.060547 0.7018231142627895
4759.834473 0.6898098620122478
4760.608398 0.6815365378306195
4761.381836 0.6830403790892082
4762.155762 0.680924415731632
4762.929688 0.7002414617166811
4763.703613 0.7013623195443923
4764.477539 0.6931358992965021
4765.251465 0.696298513315201
4766.025391 0.7178670999040435
4766.798828 0.7002027536723836
4767.572754 0.6973840695035056
4768.34668 0.7041138073056595
4769.120605 0.6974444029728573
4769.894531 0.6942656935161818
4770.668457 0.7079673421252882
4771.442383 0.6878038021932799
4772.21582 0.6853094469401798
4772.989746 0.6844342673801785
4773.763672 0.6891719673476314
4774.537598 0.6985129255046172
4775.311523 0.6970571733102293
4776.085449 0.6944340540870055
4776.859375 0.6801279362487086
4777.632812 0.6883171294573572
4778.406738 0.6900747954440865
4779.180664 0.6658083396789437
4779.95459 0.6918240682916462
4780.728516 0.6683948243115795
4781.501953 0.6942163701256638
4782.276367 0.6849273520657047
4783.049805 0.6693883499783687
4783.82373 0.6675778551050547
4784.597656 0.6576739993815792
4785.371582 0.6672554023932576
4786.145508 0.6708004073941806
4786.918945 0.6697691116685065
4787.693359 0.661118827400556
4788.466797 0.6434271287401913
4789.240723 0.6633674057610818
4790.014648 0.6581432371344672
4790.788574 0.6475289091050286
4791.5625 0.6559333176223846
4792.335938 0.6505617717391813
4793.110352 0.6583447762288221
4793.883789 0.6563892246976792
4794.657715 0.6700562135450427
4795.431641 0.662229662563856
4796.205566 0.6679135396364252
4796.979492 0.6646014749074279
4797.75293 0.6652612908716916
4798.527344 0.6693184876683949
4799.300781 0.6521111839803266
4800.074707 0.6453905306240159
4800.848633 0.6618632187325784
4801.622559 0.6458246147913719
4802.396484 0.6507436604704829
4803.169922 0.6562234311711984
4803.943848 0.6720101360172553
4804.717773 0.6730059820496485
4805.491699 0.6497592194826926
4806.265625 0.6431625900409659
4807.039551 0.6588241844668402
4807.813477 0.6575829562744862
4808.586914 0.6656277344698136
4809.36084 0.6526210057483371
4810.134766 0.6460920171090003
4810.908691 0.6685345981273813
4811.682617 0.6523152411563258
4812.456543 0.6407813969106464
4813.230469 0.6344024516634171
4814.003906 0.6350705129461314
4814.777832 0.6416083887815824
4815.551758 0.6425867569958075
4816.325684 0.638764919694654
4817.099609 0.6454977680271056
4817.873535 0.6388946708460446
4818.647461 0.6337024958456543
4819.420898 0.6556724819021106
4820.194824 0.6880428644346254
4820.96875 0.6630199209861839
4821.742676 0.6880302250637055
4822.516602 0.7279407480075444
4823.290527 0.6307463582265787
4824.064453 0.6390139057423905
4824.837891 0.6628561025217039
4825.611816 0.6641602314609083
4826.385742 0.6078628301025827
4827.159668 0.5829678604595712
4827.933594 0.5226744349012862
4828.70752 0.49918510459691817
4829.481445 0.4979483690818976
4830.254883 0.5099573755670003
4831.028809 0.487377489152296
4831.802734 0.47937023410395907
4832.57666 0.4730277257312775
4833.350586 0.4725809033349816
4834.124023 0.47704419022582817
4834.898438 0.4808802964231432
4835.671875 0.48600068371372485
4836.445801 0.5100395317111349
4837.219727 0.5124081346663889
4837.993652 0.5113285526267852
4838.767578 0.5379363577764972
4839.541016 0.5579514341794741
4840.31543 0.5648090965912036
4841.088867 0.5710909753867845
4841.862793 0.5957477713448529
4842.636719 0.5911260476895738
4843.410645 0.589949003999397
4844.18457 0.6139643011719179
4844.958008 0.6362108234208558
4845.732422 0.6448708834413229
4846.505859 0.663662407186154
4847.279785 0.6823498532540474
4848.053711 0.7000221484632534
4848.827637 0.6933628654197269
4849.601562 0.7240286572976803
4850.375 0.7187354165257858
4851.149414 0.7289152651889437
4851.922852 0.7300909264989288
4852.696777 0.7360419592103876
4853.470703 0.7417204053870551
4854.244629 0.746912481762581
4855.018555 0.7586254003170131
4855.791992 0.7679479426704183
4856.565918 0.7693879449635885
4857.339844 0.7758593159312582
4858.11377 0.8016230957866453
4858.887695 0.8124000573832569
4859.661621 0.8281287985545762
4860.435547 0.8171533589648973
4861.208984 0.8228336813455454
4861.98291 0.843030449230095
4862.756836 0.8292050233851432
4863.530762 0.8353260459595118
4864.304688 0.8354508600387897
4865.078613 0.8455197191240523
4865.852539 0.857227749802226
4866.625977 0.8575114450407157
4867.399902 0.8736566937032028
4868.173828 0.864233036382439
4868.947754 0.8584989965588038
4869.72168 0.8734897155125706
4870.495605 0.8595158755675976
4871.269531 0.8832144472651277
4872.042969 0.8717537733426043
4872.816895 0.8738047128374552
4873.59082 0.889592602580819
4874.364746 0.8724840934945053
4875.138672 0.8916362349757875
4875.912598 0.888766005675652
4876.686523 0.8844808555744571
4877.459961 0.8836055771564358
4878.233887 0.8853282875068289
4879.007812 0.8912083716358713
4879.781738 0.8847535899299672
4880.555664 0.8751155566610441
4881.32959 0.8711234823519307
4882.103516 0.8526724323898639
4882.876953 0.8423638197565824
4883.650879 0.839331154605314
4884.424805 0.7983655876280275
4885.19873 0.7108906961866016
4885.972656 0.7375895446765623
4886.746094 0.7828773407404109
4887.520508 0.7793659089956326
4888.293945 0.7790098335986809
4889.067871 0.7521454387272896
4889.841797 0.7330434105680633
4890.615723 0.7308363546743839
4891.389648 0.7339077278699495
4892.163086 0.6951218151617832
4892.9375 0.6972494796717111
4893.710938 0.6828645137024619
4894.484863 0.6853634112950614
4895.258789 0.6628904165135322
4896.032715 0.6334073955625621
4896.806641 0.6220892112535248
4897.580078 0.6155913272176984
4898.354492 0.5990025145099319
4899.12793 0.603339604941309
4899.901855 0.5859489312837275
4900.675781 0.59574253769868
4901.449707 0.5980339714772336
4902.223633 0.5819389347616668
4902.99707 0.5818006913799311
4903.771484 0.5862399336220995
4904.544922 0.6051769584195387
4905.318848 0.6028621715321361
4906.092773 0.5979719100909315
4906.866699 0.6216133082784179
4907.640625 0.6241720455165798
4908.414062 0.625436330710034
4909.187988 0.6260310241867079
4909.961914 0.6376922989850181
4910.73584 0.634398502005727
4911.509766 0.6343449820456244
4912.283691 0.6570260822857074
4913.057617 0.6668462514309823
4913.831055 0.6501905880855198
4914.60498 0.6767658568225198
4915.378906 0.6881222555852211
4916.152832 0.7006250378293679
4916.926758 0.6953621611584557
4917.700684 0.6965984026165315
4918.474609 0.7166994861964687
4919.248047 0.7168678961963024
4920.021973 0.7132587069263578
4920.795898 0.7309227568171132
4921.569824 0.7258570249549312
4922.34375 0.7300471822913429
4923.117676 0.736100120134854
4923.891602 0.7417993029470173
4924.665039 0.7588347897640496
4925.438965 0.7617996662922093
4926.212891 0.740063410206061
4926.986816 0.6862704853901112
4927.760742 0.709798820312837
4928.534668 0.76567536932338
4929.308594 0.7534549985623956
4930.082031 0.753697270192059
4930.855957 0.7634809033716103
4931.629883 0.764735807778317
4932.403809 0.7679476957585237
4933.177734 0.7532065061052926
4933.95166 0.744585647952912
4934.725586 0.7687818958713221
4935.499023 0.7792328004020497
4936.272949 0.7660051785640696
4937.046875 0.7817422142496938
4937.820801 0.7666853359649046
4938.594727 0.7728735547137281
4939.368652 0.7847766567469227
4940.142578 0.7862403087230022
4940.916016 0.765981529114316
4941.689941 0.7635382251686844
4942.463867 0.7607094197105309
4943.237793 0.7648410703525615
4944.011719 0.7684660097568794
4944.785156 0.7666881995833078
4945.55957 0.7584288973859465
4946.333008 0.7608929871629286
4947.106934 0.7705386238726388
4947.880859 0.7654898762379916
4948.654785 0.77180404453439
4949.428711 0.7686213359910143
4950.202148 0.7654185326898062
4950.976562 0.7728175663341471
4951.75 0.7659443020750745
4952.523926 0.7865283982471166
4953.297852 0.7636355385322272
4954.071777 0.771980255691051
4954.845703 0.773236888014708
4955.619141 0.7681721438001042
4956.393555 0.7594080555317096
4957.166992 0.7470101408960386
4957.940918 0.7490018826229904
4958.714844 0.730489709260034
4959.48877 0.733525089975831
4960.262695 0.7454870936691754
4961.036133 0.7221119126688548
4961.810059 0.7313278100678239
4962.583984 0.7346713251702462
4963.35791 0.7239496611128534
4964.131836 0.7430110061657814
4964.905762 0.736465428264679
4965.679688 0.7207221715184593
4966.453125 0.7354748650743133
4967.227051 0.7233982674489865
4968.000977 0.7202299264266369
4968.774902 0.7174879178438259
4969.548828 0.724174158583444
4970.322754 0.690335878076255
4971.09668 0.7003342329738803
4971.870117 0.7125344595480222
4972.644043 0.7015917540870955
4973.417969 0.6933065310370754
4974.191895 0.6790416887537303
4974.96582 0.6933289463936676
4975.739746 0.6639551376746322
4976.513672 0.6745501608777764
4977.287109 0.6652422329572918
4978.061035 0.6441905285576034
4978.834961 0.646093843883971
4979.608887 0.6307334719437643
4980.382812 0.6231404040209911
4981.156738 0.6117005655919838
4981.930664 0.590286860842497
4982.704102 0.5900971711875238
4983.478027 0.5626676570089031
4984.251953 0.5899886502622627
4985.025879 0.5692063227758921
4985.799805 0.5619800442211556
4986.57373 0.5515831040453095
4987.347656 0.546915957694504
4988.121094 0.5209195831039501
4988.89502 0.5012100740432558
4989.668945 0.5002741662812896
4990.442871 0.5033896786502103
4991.216797 0.4851747781152314
4991.990723 0.4795381999421694
4992.764648 0.4747917610656324
4993.538086 0.47481807665090464
4994.312012 0.47673077276401976
4995.085938 0.4868222444556034
4995.859863 0.4912547226175328
4996.633789 0.513550765739873
4997.407227 0.5107087778911562
4998.181641 0.5120645011574725
4998.955078 0.5175957181314255
4999.729004 0.5198742161981547
5000.50293 0.528520155842646
5001.276855 0.5331447428831727
5002.050781 0.5499325766036499
5002.824219 0.5526711288862484
5003.598633 0.5719432459995603
5004.37207 0.5765533174651863
5005.145996 0.5641214346076017
5005.919922 0.5883639940110963
5006.693848 0.5789042945483979
5007.467773 0.5948394134944761
5008.241211 0.5954102600385119
5009.015625 0.6233351298392528
5009.789062 0.6161316613737216
5010.562988 0.6314564849957828
5011.336914 0.65100726095114
5012.11084 0.6541038144968366
5012.884766 0.6684183257074586
5013.658203 0.6689458722055318
5014.432129 0.65931791103003
5015.206055 0.6621283498804573
5015.97998 0.6766366981197828
5016.753906 0.6812312174002316
5017.527832 0.6810891721815244
5018.301758 0.6803589014586335
5019.075195 0.6950981654788739
5019.849121 0.6979939696285979
5020.623047 0.7018321989417883
5021.396973 0.7163630609294147
5022.170898 0.7064916926559525
5022.944824 0.7117497308796162
5023.71875 0.7163502240756103
5024.492188 0.7253195544173112
5025.266113 0.7334449088936972
5026.040039 0.7249781426491344
5026.813965 0.7284275622034649
5027.587891 0.7304909435863511
5028.361816 0.7325632121653516
5029.135742 0.7428446698528129
5029.90918 0.7479028968990722
5030.683105 0.7607392899877242
5031.457031 0.7529026669131162
5032.230957 0.7686577236697077
5033.004883 0.7728591874258578
5033.778809 0.7625822720778959
5034.552734 0.7610769990101055
5035.326172 0.752982058063712
5036.100098 0.7400526470391219
5036.874023 0.7441239150159467
5037.647949 0.7300420969322001
5038.421875 0.7260585640492861
5039.195801 0.7346358262811109
5039.969727 0.7303248541852772
5040.743164 0.7318761426304031
5041.51709 0.7302514863792366
5042.291016 0.743539639169453
5043.064941 0.7385142940726647
5043.838867 0.7187519069295312
5044.612793 0.7188995310980146
5045.386719 0.7415460212385203
5046.160156 0.7434875015895419
5046.934082 0.7377711370669594
5047.708008 0.7361634158474732
5048.481934 0.7418903460541105
5049.255859 0.7305088166034439
5050.029297 0.7234374693170732
5050.803711 0.7438092632278211
5051.577148 0.7255288944353377
5052.351074 0.719731756381968
5053.125 0.719427324741138
5053.898926 0.7312846088798813
5054.672852 0.7317463912458568
5055.446289 0.7380320222162434
5056.220703 0.7388832065565765
5056.994141 0.7175310201737484
5057.768066 0.7265007454812183
5058.541992 0.7184374031952802
5059.315918 0.7143433251292499
5060.089844 0.7221001620874932
5060.863281 0.7227636316016981
5061.637695 0.6940467257995131
5062.411133 0.6792289591850793
5063.185059 0.6761299372199042
5063.958984 0.68039410424002
5064.73291 0.6715628197971703
5065.506836 0.673848328856033
5066.280273 0.6921687386439953
5067.054688 0.6904792562461436
5067.828125 0.678305740223043
5068.602051 0.7010627755466651
5069.375977 0.6985484738227626
5070.149902 0.6879105952015906
5070.923828 0.6934685721555949
5071.697266 0.6938271162051808
5072.471191 0.6982732213856082
5073.245117 0.6765523202349085
5074.019043 0.6905040411641942
5074.792969 0.6712593261417529
5075.566895 0.6559949346139078
5076.34082 0.6697917737038376
5077.114258 0.675946271142642
5077.888184 0.6641075508613538
5078.662109 0.6741934927990155
5079.436035 0.6819728437387153
5080.209961 0.674946721898142
5080.983887 0.6773000687759675
5081.757812 0.6882889870971143
5082.53125 0.685455836782346
5083.305176 0.6747467626668631
5084.079102 0.6723098278357013
5084.853027 0.6872474217951345
5085.626953 0.6768942750227289
5086.400879 0.653534152850108
5087.174805 0.6781790499397845
5087.948242 0.6747467626668631
5088.722168 0.681453246218188
5089.496094 0.6766031246304824
5090.27002 0.6775705816238938
5091.043945 0.6705300428332845
5091.817871 0.6695392327310242
5092.591797 0.6639277358169173
5093.365234 0.6857926075861591
5094.13916 0.6659559144184171
5094.913086 0.6548820259968982
5095.687012 0.6733004404550771
5096.460938 0.655206354912676
5097.234863 0.6626067212750426
5098.008789 0.6679127005090328
5098.782227 0.6618112786355518
5099.556152 0.6652186821324026
5100.330078 0.6755883687375639
5101.104004 0.6582863683924614
5101.87793 0.6737872548841534
5102.651367 0.6468065873596837
5103.425781 0.6483087007013218
5104.199219 0.6464207895062574
5104.973145 0.6463746755040573
5105.74707 0.6486315975747423
5106.520996 0.6521578410021701
5107.294922 0.63597403234926
5108.068359 0.6464778643914367
5108.842773 0.6488056856155281
5109.616211 0.6525966652250657
5110.390137 0.6557782874959988
5111.164062 0.6574149412404213
5111.937988 0.6600900991855362
5112.711914 0.6638872501935035
5113.485352 0.6511599212829119
5114.259766 0.6497909167680123
5115.033203 0.6572650459021884
5115.807129 0.6461839984346616
5116.581055 0.6650734279916891
5117.35498 0.6524690369563946
5118.128906 0.6622643220924432
5118.902344 0.6489090719857922
5119.676758 0.6318368025242974
5120.450195 0.639296761620332
5121.224121 0.6553552628364865
5121.998047 0.6361443185530744
5122.771973 0.6219661250911974
5123.545898 0.628055895008181
5124.319336 0.6274481669616626
5125.093262 0.6125661666491972
5125.867188 0.6087624984728854
5126.641113 0.6043411290146542
5127.415039 0.5816920713634942
5128.188965 0.5843284718353013
5128.962891 0.5786518030045946
5129.736328 0.5760381634261384
5130.510254 0.5752831569810514
5131.28418 0.5675636951159242
5132.058105 0.5581413213173319
5132.832031 0.5404918856263414
5133.605957 0.5189620567439621
5134.379883 0.51948994901195
5135.15332 0.5199079871703395
5135.927246 0.5128740149770847
5136.701172 0.5013264947502086
5137.475098 0.49172242970319907
5138.249023 0.47903701822522277
5139.022949 0.48268318785567016
5139.796875 0.481997697950642
5140.570312 0.46418498704797073
5141.344238 0.4540573251605782
5142.118164 0.4720461483618904
5142.89209 0.46085070444526594
5143.666016 0.46468498363445465
5144.439941 0.4700226107247544
5145.213867 0.45298638317203843
5145.987305 0.45506852612841986
5146.76123 0.4672330563305419
5147.535156 0.4810341414190664
5148.309082 0.4789710563770848
5149.083008 0.4920843806239874
5149.856934 0.4883854809649755
5150.630859 0.4889961218257514
5151.404297 0.5010645235616376
5152.178223 0.5221873737934711
5152.952148 0.512887197367648
5153.726074 0.5281258163298644
5154.5 0.537021433328766
5155.273926 0.5513704560141007
5156.047852 0.5453741488941457
5156.821289 0.5369038771535161
5157.595215 0.5506258180033394
5158.369141 0.5633214496286114
5159.143066 0.5729071480678948
5159.916992 0.5823941505302879
5160.69043 0.585449428287877
5161.464844 0.5790522644867959
5162.238281 0.573755567414689
5163.012207 0.5759030305747005
5163.786133 0.5733105223643536
5164.560059 0.5888746551396549
5165.333984 0.598556087079405
5166.107422 0.5966232964416132
5166.881836 0.5900597466653978
5167.655273 0.5981944324995213
5168.429199 0.6001787685017264
5169.203125 0.5998544887818029
5169.977051 0.6053357901497403
5170.750977 0.6036388031691217
5171.524414 0.6019520855316531
5172.298828 0.6096279020472144
5173.072266 0.6118395989052575
5173.846191 0.6136462919416
5174.620117 0.6237113491898914
5175.394043 0.6245533502263612
5176.167969 0.631386918793558
5176.941406 0.6503207344358352
5177.715332 0.6585469572008408
5178.489258 0.6651653104593301
5179.263184 0.6724952220630697
5180.037109 0.6781117551404651
5180.811035 0.6807453411897235
5181.584961 0.698494558896891
5182.358398 0.6958136245191155
5183.132324 0.7063184934047247
5183.90625 0.7084143620044687
5184.680176 0.7134402006918904
5185.454102 0.713395913464661
5186.228027 0.7254314327847647
5187.001953 0.7166567294033053
5187.775391 0.7163067267799189
5188.549316 0.7144539691703864
5189.323242 0.7281700344963732
5190.097168 0.7211683028412372
5190.871094 0.7239100642789978
5191.64502 0.7047897189410554
5192.418945 0.7201657419244595
5193.192383 0.6977347634335658
5193.966309 0.7073552200263007
5194.740234 0.6813022646075123
5195.51416 0.6860427787643584
5196.288086 0.690777121289619
5197.062012 0.6881102086629548
5197.835938 0.6794735511803467
5198.609375 0.6785319161815742
5199.383301 0.6652377894758125
5200.157227 0.6937967026751883
5200.931152 0.6918102437902637
5201.705078 0.6950813789673795
5202.479004 0.6832866992345819
5203.25293 0.6892424715352687
5204.026367 0.6860110814790387
5204.800293 0.6799426900752147
5205.574219 0.665736107574356
5206.348145 0.6432552626733008
5207.12207 0.6513719768654671
5207.895996 0.6382189074976787
5208.669922 0.6008265375437238
5209.443359 0.5865226414461665
5210.217285 0.6006716060422023
5210.991211 0.6283860497856296
5211.765137 0.6362814756623675
5212.539062 0.6446948700007021
5213.3125 0.6635142399980272
5214.086914 0.6592607375199862
5214.860352 0.6444707677290362
5215.634277 0.6459777687137771
5216.408203 0.6588262581537054
5217.182129 0.651072976120539
5217.956055 0.6465565148063488
5218.729492 0.6582062859351919
5219.503906 0.6622609154543966
5220.277344 0.6633435093994337
5221.05127 0.6739416431328757
5221.825195 0.6758540923340963
5222.599121 0.6696688358285403
5223.373047 0.6940854338438106
5224.146484 0.6779373709919304
5224.920898 0.6990710338197131
5225.694336 0.6940947160056938
5226.468262 0.6852470892129731
5227.242188 0.6729302444489939
5228.016113 0.6837035030666542
5228.790039 0.6906763518590193
5229.563477 0.678521942946173
5230.337402 0.663646114265293
5231.111328 0.6636988442938575
5231.885254 0.6615149934551525
5232.65918 0.6556208381459887
5233.433105 0.6454670087271983
5234.207031 0.6559553377800521
5234.980469 0.6535960167535255
5235.754395 0.6530935020853975
5236.52832 0.6700688531491183
5237.302246 0.6756095495346832
5238.076172 0.67206681570351
5238.850098 0.6617114471903647
5239.624023 0.6689726816145932
5240.397461 0.661380403623358
5241.171387 0.6819666229112753
5241.945312 0.6584601106633324
5242.719238 0.6439137454532273
5243.493164 0.6588629913691579
5244.26709 0.6420557541975218
5245.041016 0.6372743102556386
5245.814453 0.6385671327751046
5246.588379 0.6392348977169144
5247.362305 0.6388643067450621
5248.13623 0.632931048192676
5248.910156 0.61998731907607
5249.684082 0.6262596687978731
5250.458008 0.6168852854386171
5251.231445 0.6119798171158384
5252.005371 0.6199790245617649
5252.779297 0.6248502280885697
5253.553223 0.6083439664907068
5254.327148 0.6071595168426275
5255.101074 0.5974227875968141
5255.875 0.6196268988225033
5256.648438 0.6261349535766153
5257.422363 0.6171788550544878
5258.196289 0.629025524313322
5258.970215 0.6165327153045764
5259.744141 0.6209208570434219
5260.518066 0.6336563324144442
5261.291992 0.6590183670323028
5262.06543 0.6480164640366328
5262.839355 0.6466383254137245
5263.613281 0.6619402400885601
5264.387207 0.6637730017982802
5265.161133 0.664923088258677
5265.93457 0.6597552537815582
5266.708984 0.6696803891601731
5267.482422 0.6797273267126328
5268.256348 0.6850087180451455
5269.030273 0.6763609518588392
5269.804199 0.684597443966995
5270.578125 0.6620520198311491
5271.351562 0.6764099789084524
5272.125977 0.6917642286460838
5272.899414 0.6886309418849347
5273.67334 0.6745255732094547
5274.447266 0.6750878288982809
5275.221191 0.6708859209805075
5275.995117 0.6827342687272823
5276.768555 0.8392499861087578
5277.542969 0.8567841859901025
5278.316406 0.6739533937142373
5279.090332 0.6736389394089963
5279.864258 0.678232125505108
5280.638184 0.679805730448806
5281.412109 0.6533109885638545
5282.185547 0.6662813296066374
5282.959961 0.6487107420465993
5283.733398 0.6513837274468288
5284.507324 0.6514420366583253
5285.28125 0.6462409744618208
5286.055176 0.6428340151265934
5286.829102 0.6321355563573309
5287.602539 0.6278035512850965
5288.376465 0.6200430607769122
5289.150391 0.6046278359254215
5289.924316 0.5946889257075896
5290.698242 0.5883879889976088
5291.472168 0.5815535813030195
5292.246094 0.5755436469314108
5293.019531 0.5722839170320534
5293.793457 0.5897431200484272
5294.567383 0.5797815477952644
5295.341309 0.5891793831213893
5296.115234 0.5841971900166891
5296.88916 0.593604949382361
5297.663086 0.6110993055179554
5298.436523 0.6136946276845398
5299.210449 0.6330028361356403
5299.984375 0.629362936761643
5300.758301 0.6532299681211726
5301.532227 0.6414753788128639
5302.306152 0.645190571392737
5303.080078 0.6393345316792169
5303.853516 0.6471454810462163
5304.627441 0.6535923632035843
5305.401367 0.6550179487798743
5306.175293 0.653380307621029
5306.949219 0.6613707759247159
5307.723145 0.6741220011969556
5308.49707 0.6526018492090728
5309.270508 0.6600242359622627
5310.044434 0.6658006868091466
5310.818359 0.6611656821384397
5311.592285 0.6803611726283831
5312.366211 0.693770337660906
5313.140137 0.6798992916375434
5313.914062 0.6727023403403566
5314.6875 0.6886171176167079
5315.461426 0.6810862593672669
5316.235352 0.6923545772661427
5317.009277 0.6803003949974082
5317.783203 0.6856007453863007
5318.556641 0.6984656760341201
5319.331055 0.6877569474553962
5320.104492 0.6984506172064207
5320.878418 0.6881435352403606
5321.652344 0.692514495268787
5322.42627 0.6774589007393249
5323.200195 0.6828292122962111
5323.973633 0.6906675635209253
5324.748047 0.6887000142633704
5325.521484 0.6865118682302163
5326.29541 0.699469026882436
5327.069336 0.7013327451417921
5327.843262 0.713434473455084
5328.617188 0.6979343276990757
5329.390625 0.7029529084824693
5330.165039 0.7116863363089769
5330.938477 0.7135038419412686
5331.712402 0.7077909829147528
5332.486328 0.7089857515681479
5333.260254 0.7191189432094623
5334.03418 0.7046574002790106
5334.807617 0.7112292937653852
5335.582031 0.7090186831797847
5336.355469 0.7072247281392264
5337.129395 0.7021228063143912
5337.90332 0.7034403645560534
5338.677246 0.7021358900800901
5339.451172 0.6938186736370013
5340.224609 0.682246368258919
5340.998535 0.6948442421258691
5341.772461 0.6969116225954554
5342.546387 0.6880340266675211
5343.320312 0.6977752982528339
5344.094238 0.7012856437251695
5344.868164 0.6870960946476999
5345.641602 0.709225850652926
5346.415527 0.6916420807023246
5347.189453 0.7014413651582291
5347.963379 0.7205361848424373
5348.737305 0.7133935434368912
5349.51123 0.6846342266114575
5350.285156 0.6944595797407397
5351.058594 0.6931953934053057
5351.83252 0.6872850932291551
5352.606445 0.6866504079528567
5353.380371 0.6731289199249456
5354.154297 0.6701557983114911
5354.928223 0.6770175586679408
5355.702148 0.6771108729447836
5356.475586 0.6813845688055213
5357.249512 0.6878740100400125
5358.023438 0.6953740597936919
5358.797363 0.6993625299818742
5359.571289 0.711060636853657
5360.345215 0.7061355184009805
5361.119141 0.7032252478722104
5361.892578 0.7039381396349534
5362.666504 0.7028989935565977
5363.44043 0.7112386251231227
5364.214355 0.7034321686666128
5364.988281 0.6967189212682047
5365.762207 0.6978490610246433
5366.536133 0.6926969764487421
5367.30957 0.6843550737124673
5368.083496 0.6781165441587033
5368.857422 0.6841597556787078
5369.631348 0.6938580235589625
5370.405273 0.6800489894928918
5371.178711 0.685619605817816
5371.953125 0.6961262026203758
5372.726562 0.6777538035395326
5373.500488 0.6943300260722336
5374.274414 0.6854359889364081
5375.04834 0.6917349011553782
5375.822266 0.7028130358086474
5376.595703 0.6879257032251446
5377.370117 0.6747582171404758
5378.143555 0.6878997331766312
5378.91748 0.6883879297527434
5379.691406 0.6994593497547837
5380.465332 0.6829649870253126
5381.239258 0.6808016259102092
5382.012695 0.7051340437566456
5382.787109 0.6841735799469346
5383.560547 0.6952791656537732
5384.334473 0.6861903043079773
5385.108398 0.6888531189899213
5385.882324 0.6771827100836023
5386.65625 0.676709078278245
5387.429688 0.6794054664494893
5388.204102 0.6858141341531931
5388.977539 0.6846578268653566
5389.751465 0.6715131508698934
5390.525391 0.6617090773957506
5391.299316 0.6676732430687626
5392.073242 0.67099819431373
5392.84668 0.6642563107312899
5393.620605 0.6578805252102126
5394.394531 0.651848521485082
5395.168457 0.639793351801925
5395.942383 0.643548338698538
5396.716309 0.6556168390592886
5397.490234 0.6624791424353818
5398.263672 0.6519277645818033
5399.037598 0.6474679339911691
5399.811523 0.6628439075455632
5400.585449 0.6586945813693241
5401.359375 0.653051930189541
5402.133301 0.6545296041498877
5402.907227 0.6652198672628654
5403.680664 0.6646685722238629
5404.45459 0.6674010023038859
5405.228516 0.6623463793785578
5406.002441 0.6562074840202521
5406.776367 0.6693377922615337
5407.550293 0.6643734225117606
5408.324219 0.6509169585797306
5409.097656 0.6562316270606391
5409.871582 0.6520514429596286
5410.645508 0.6569976435845598
5411.419434 0.6633882407882865
5412.193359 0.6700169624811018
5412.967285 0.6496582029070427
5413.741211 0.6723451292419521
5414.514648 0.6633697261266858
5415.288574 0.6667326943424327
5416.0625 0.6590669004912826
5416.836426 0.6516894922719959
5417.610352 0.6669137437131862
5418.384277 0.6814217958447629
5419.158203 0.6661206711014652
5419.931641 0.6707446656933383
5420.705566 0.6617874317029139
5421.479492 0.6655932229951008
5422.253418 0.6629482319012396
5423.027344 0.6639265509196102
5423.80127 0.6577559580428293
5424.575195 0.6421744460742244
5425.348633 0.6602881822128345
5426.122559 0.6742188703988752
5426.896484 0.674394143336968
5427.67041 0.6528167684100314
5428.444336 0.6440786996191601
5429.217773 0.6488193124008705
5429.992188 0.6505228167829893
5430.765625 0.6629799786155692
5431.539551 0.6714728627293641
5432.313477 0.6526045153445915
5433.087402 0.6490903682684402
5433.861328 0.6461016942366525
5434.634766 0.6608190861530999
5435.40918 0.653990997910815
5436.182617 0.6499423425403112
5436.956543 0.6628760984215162
5437.730469 0.6612974083518312
5438.504395 0.667399916264599
5439.27832 0.6546076129202919
5440.051758 0.6559278372974728
5440.826172 0.653116016066854
5441.599609 0.6859471438887559
5442.373535 0.6460984356524804
5443.147461 0.660454074131024
5443.921387 0.6739152286895834
5444.695312 0.6689227660085775
5445.46875 0.6673805620092945
5446.242676 0.6728590491878387
5447.016602 0.6703229739850076
5447.790527 0.6444914055065122
5448.564453 0.6749031259775862
5449.338379 0.6688009141725673
5450.112305 0.662552016417633
5450.885742 0.6663465509522474
5451.659668 0.6641120932008531
5452.433594 0.6609182262916135
5453.20752 0.6579791223290826
5453.981445 0.6590691716610323
5454.755371 0.6522057820124965
5455.529297 0.6622266014625684
5456.302734 0.649766576011585
5457.07666 0.6513514377128556
5457.850586 0.6433476387315754
5458.624512 0.6324304097285286
5459.398438 0.6371889941521963
5460.172363 0.6438338112829881
5460.946289 0.6478579778431902
5461.719727 0.632809048535947
5462.493652 0.6406920819536596
5463.267578 0.6335280622681095
5464.041504 0.6385202782703766
5464.81543 0.6527697656182732
5465.589355 0.6578553945222474
5466.363281 0.6481877376548697
5467.136719 0.6474012808363575
5467.910645 0.651037082032479
5468.68457 0.6515506070125966
5469.458496 0.6520757342870456
5470.232422 0.6637830738917014
5471.006348 0.6413379253626662
5471.780273 0.6300562767861969
5472.553711 0.6458103461283659
5473.327637 0.6210163436319943
5474.101562 0.6173944161331097
5474.875488 0.6238052067195332
5475.649414 0.6319647269007173
5476.42334 0.6389054342461394
5477.197266 0.6397934009977793
5477.970703 0.6378648563585821
5478.744629 0.6320861835378029
5479.518555 0.6358671899119394
5480.29248 0.6277535862500707
5481.066406 0.6417365108740426
5481.839844 0.6375806181004492
5482.614258 0.620532788020246
5483.387695 0.630684444894151
5484.161621 0.6214732381217115
5484.935547 0.6394497180598527
5485.709473 0.6409309961411305
5486.483398 0.6395158281950208
5487.256836 0.630651908481439
5488.03125 0.6179165811642912
5488.804688 0.6493487847650901
5489.578613 0.6277054479900156
5490.352539 0.6255286575724542
5491.126465 0.6354404128444658
5491.900391 0.6447571782988988
5492.673828 0.6252329154116983
5493.448242 0.6309986525206531
5494.22168 0.6349168651999371
5494.995605 0.6359374966166921
5495.769531 0.6357004092041917
5496.543457 0.6369672122461344
5497.317383 0.635087052778887
5498.09082 0.6288044334807781
5498.864746 0.6268139260801433
5499.638672 0.6248771855515055
5500.412598 0.6105891874090403
5501.186523 0.6205865548922431
5501.960449 0.6280329366319454
5502.734375 0.6058909854174229
5503.507812 0.613114400586912
5504.281738 0.6108710064435492
5505.055664 0.6125120542404411
5505.82959 0.6129325116224548
5506.603516 0.6031170822995635
5507.377441 0.6041270986032539
5508.151367 0.5883044507064384
5508.924805 0.5912958403027548
5509.69873 0.6017074935363858
5510.472656 0.610539715964648
5511.246582 0.6236622235154136
5512.020508 0.6136423914797643
5512.794434 0.6124785796091609
5513.568359 0.61359380882493
5514.341797 0.610020513176734
5515.115723 0.6200750541699807
5515.889648 0.6256707519870157
5516.663574 0.618459482597813
5517.4375 0.6284712176020418
5518.211426 0.6310636761502229
5518.985352 0.6312572662670318
5519.758789 0.6295669939376423
5520.532715 0.6313700334240434
5521.306641 0.6469836376437371
5522.080566 0.635689794091127
5522.854492 0.6381738303389113
5523.628418 0.6413609331679119
5524.402344 0.6339200809489758
5525.175781 0.6379876953758593
5525.949707 0.6328348211015757
5526.723633 0.6341714372576378
5527.497559 0.6435819119546826
5528.271484 0.6269943338063889
5529.04541 0.637885049741279
5529.819336 0.6406791956708452
5530.592773 0.6335595126415347
5531.366699 0.6352183840265094
5532.140625 0.6451823755032963
5532.914551 0.6362019858869074
5533.688477 0.6342768476526012
5534.461914 0.6340051007115135
5535.236328 0.626399985866474
5536.009766 0.631774543421955
5536.783691 0.6477913741173887
5537.557617 0.6436259525031732
5538.331543 0.6359250547286567
5539.105469 0.6277708665853543
5539.878906 0.6458109880060294
5540.65332 0.6470097063171147
5541.426758 0.6493099284337625
5542.200684 0.6463743791631527
5542.974609 0.6412402170333543
5543.748535 0.6385834256959657
5544.522461 0.6383174554206945
5545.295898 0.6459363945339609
5546.070312 0.6538803044406686
5546.84375 0.6560312728635912
5547.617676 0.6560442085754156
5548.391602 0.6361488608925737
5549.165527 0.6365063680987271
5549.939453 0.6466761449016195
5550.712891 0.6530001878085546
5551.487305 0.6404593393977741
5552.260742 0.6493988978539903
5553.034668 0.6568535249121433
5553.808594 0.6568320477741193
5554.58252 0.6409625451394201
5555.356445 0.6460941894207298
5556.129883 0.6529675031088126
5556.904297 0.6511080306148953
5557.677734 0.6362762422493502
5558.45166 0.6485415913110819
5559.225586 0.6401363928621878
5559.999512 0.654991978731361
5560.773438 0.6349361700262315
5561.546875 0.6548796067732742
5562.321289 0.6376234735184769
5563.094727 0.6289779782687647
5563.868652 0.6360959828101347
5564.642578 0.6304980632523601
5565.416016 0.6230162318193767
5566.19043 0.6320412544329099
5566.963867 0.6439995551473031
5567.738281 0.6270519022822016
5568.511719 0.6238678605544888
5569.285645 0.6383838122346015
5570.05957 0.6307680328474872
5570.833008 0.6278091798970385
5571.607422 0.6402478268348623
5572.380859 0.6402031940708738
5573.155273 0.6374753555262045
5573.928711 0.6337078281166917
5574.702637 0.6252981859531627
5575.476562 0.6420462253568998
5576.25 0.6244916346099737
5577.024414 0.33491793172409123
5577.797852 0.5091535889841944
5578.571777 0.8122366833135559
5579.345703 0.631691943116197
5580.119629 0.6348598891727777
5580.893555 0.6298670315260029
5581.666992 0.638207058058297
5582.441406 0.6345052455850275
5583.214844 0.6383324645862284
5583.98877 0.6278636378425536
5584.762695 0.6374993507458727
5585.536621 0.6330650950048271
5586.310547 0.6276658509230042
5587.083984 0.630699947883474
5587.858398 0.6050889269847233
5588.631836 0.630400947138546
5589.405762 0.6312459106514392
5590.179688 0.6127451425662412
5590.953613 0.6172246729489389
5591.727539 0.6141085187023546
5592.500977 0.6087905419751082
5593.275391 0.6081068296491964
5594.048828 0.6297137295497232
5594.822754 0.6173655824661932
5595.59668 0.6147068657289697
5596.370605 0.6074384228297232
5597.144531 0.619401710045239
5597.917969 0.6175108368400626
5598.692383 0.6012972563016679
5599.46582 0.6152193536324989
5600.239746 0.6228511298327253
5601.013672 0.6236801951573708
5601.787598 0.627685254374163
5602.561523 0.6085871266767725
5603.334961 0.6060896116975204
5604.109375 0.6096252359116956
5604.882812 0.6102807070193446
5605.656738 0.6058558814940566
5606.430664 0.6226966427259828
5607.20459 0.6146644544725652
5607.978516 0.6008028386649602
5608.751953 0.6033478994556141
5609.526367 0.6132648883737987
5610.299805 0.6019523818725576
5611.07373 0.5932692646178348
5611.847656 0.6176674468295246
5612.621582 0.5900247910290616
5613.395508 0.6198502605916412
5614.168945 0.613795347919285
5614.943359 0.6100641587594556
5615.716797 0.6038135822834253
5616.490723 0.5870522122020948
5617.264648 0.602098771714724
5618.038086 0.6069853796059873
5618.8125 0.6229867070789423
5619.585938 0.6079403450491977
5620.360352 0.6145697578155309
5621.133789 0.6076716097803877
5621.907715 0.6025620845147655
5622.681641 0.6282320565026762
5623.455078 0.6199974403653454
5624.229492 0.5949430959724891
5625.00293 0.603287072395629
5625.777344 0.6233732454348967
5626.550781 0.6013285091922085
5627.324707 0.6021179776829982
5628.098633 0.6004649815887045
5628.87207 0.599912254973656
5629.646484 0.6125396041520303
5630.419922 0.6102081293779977
5631.193848 0.602033155403345
5631.967773 0.6132418313726985
5632.741699 0.6030782262013916
5633.515625 0.6133872829962966
5634.289062 0.6216822817988334
5635.063477 0.6247229947856677
5635.836914 0.6132513602133206
5636.61084 0.60441410162177
5637.384766 0.6281503447533208
5638.158691 0.6299463240517342
5638.932617 0.6203289283271312
5639.706055 0.6113827538445504
5640.480469 0.5943835558481916
5641.253906 0.5953727366583658
5642.027832 0.604921800507061
5642.801758 0.5893523848897325
5643.575684 0.5939902039829881
5644.349609 0.5940152852419432
5645.123047 0.5946061276857915
5645.897461 0.5841764533811932
5646.670898 0.6072101731843269
5647.444824 0.6036877807897248
5648.21875 0.5881423107298988
5648.992676 0.6048234503000856
5649.766602 0.6183054401190052
5650.540039 0.6300928125187648
5651.314453 0.6134712659154018
5652.087891 0.5961543056006197
5652.861816 0.609600747101394
5653.635742 0.6110996016257044
5654.409668 0.6236967844191365
5655.183594 0.606010812995578
5655.957031 0.6312591919000226
5656.731445 0.6094855112917483
5657.504883 0.6127725444239561
5658.278809 0.6129478665579032
5659.052734 0.6435621135377548
5659.82666 0.6017552368306719
5660.600586 0.6202915038050052
5661.374023 0.6077017272026314
5662.148438 0.6003798137722922
5662.921875 0.6069474612600723
5663.695801 0.6141346862337523
5664.469727 0.6219048044405789
5665.243652 0.620204065051999
5666.017578 0.6257115337181783
5666.791016 0.5893761826265161
5667.56543 0.6068005283982625
5668.338867 0.586337938292316
5669.112793 0.5890962395628322
5669.886719 0.6175334988753935
5670.660156 0.5913174654946531
5671.43457 0.6041301597045416
5672.208008 0.6238470252941285
5672.982422 0.622465381408309
5673.755859 0.6094849188430947
5674.529785 0.6334419070372749
5675.303711 0.613586205384143
5676.077148 0.5923519703754894
5676.851562 0.6227099734035763
5677.625 0.6246524905980305
5678.399414 0.6272185349360748
5679.172852 0.6084357009044735
5679.946777 0.6030009085045053
5680.720703 0.6188207916409377
5681.494141 0.6143550363306126
5682.268555 0.6163256464562995
5683.041992 0.6021150646355851
5683.815918 0.613719857230525
5684.589844 0.5981205216738373
5685.36377 0.596189063987227
5686.137695 0.6069299834419041
5686.911133 0.6142022773739764
5687.685547 0.6019584546461231
5688.458984 0.5871437985619871
5689.23291 0.5965975238759844
5690.006836 0.5895639466484986
5690.780762 0.5925701973564745
5691.554688 0.6071853386041106
5692.328125 0.5868912575891737
5693.102539 0.6039620458124567
5693.875977 0.5938788194393239
5694.649902 0.6121370197871095
5695.423828 0.6077302150996331
5696.197754 0.5908605710049359
5696.97168 0.6120601959140124
5697.745117 0.5950243138980553
5698.519531 0.5996033796181912
5699.292969 8.88196853240989e-26
