2738.0 0.118
2740.0 0.123
2742.0 0.121
2744.0 0.116
2748.0 0.118
2750.0 0.121
2752.0 0.119
2754.0 0.12
2756.0 0.122
2758.0 0.119
2760.0 0.114
2762.0 0.116
2764.0 0.117
2766.0 0.115
2768.0 0.111
2770.0 0.108
2774.0 0.105
2776.0 0.102
2778.0 0.096
2780.0 0.091
2782.0 0.089
2784.0 0.091
2788.0 0.088
2790.0 0.09
2794.0 0.089
2796.0 0.088
2798.0 0.085
2800.0 0.081
2802.0 0.079
2804.0 0.076
2806.0 0.074
2808.0 0.073
2810.0 0.074
2812.0 0.073
2814.0 0.072
2816.0 0.071
2818.0 0.07
2820.0 0.067
2822.0 0.064
2824.0 0.062
2826.0 0.06
2828.0 0.056
2830.0 0.055
2832.0 0.053
2834.0 0.051
2836.0 0.049
2840.0 0.044
2842.0 0.042
2844.0 0.037
2846.0 0.034
2848.0 0.031
2850.0 0.029
2852.0 0.027
2854.0 0.024
2856.0 0.023
2858.0 0.02
2862.0 0.019
2866.0 0.018
2868.0 0.017
2872.0 0.016
2874.0 0.018
2876.0 0.019
2878.0 0.017
2880.0 0.019
2882.0 0.021
2884.0 0.022
2886.0 0.02
2888.0 0.019
2890.0 0.015
2894.0 0.019
2898.0 0.022
2900.0 0.027
2904.0 0.021
2906.0 0.018
2908.0 0.017
2910.0 0.02
2912.0 0.021
2914.0 0.024
2916.0 0.025
2918.0 0.022
2920.0 0.018
2922.0 0.017
2924.0 0.018
2928.0 0.015
2930.0 0.011
2932.0 0.007
2934.0 0.008
2936.0 0.011
2938.0 0.014
2940.0 0.013
2942.0 0.01
2946.0 0.012
2948.0 0.016
2950.0 0.017
2952.0 0.013
2954.0 0.012
2956.0 0.008
2958.0 0.004
2964.0 0.002
2970.0 0.0
2972.0 -0.0
2974.0 -0.002
2976.0 0.0
2978.0 0.004
2980.0 0.008
2982.0 0.012
2984.0 0.013
2986.0 0.012
2990.0 0.014
2992.0 0.011
2994.0 0.008
2996.0 0.01
2998.0 0.009
3000.0 0.01
3002.0 0.013
3004.0 0.015
3006.0 0.018
3008.0 0.02
3010.0 0.024
3012.0 0.025
3016.0 0.028
3022.0 0.032
3024.0 0.036
3026.0 0.038
3028.0 0.039
3030.0 0.044
3032.0 0.047
3034.0 0.049
3036.0 0.051
3038.0 0.053
3040.0 0.051
3042.0 0.052
3046.0 0.049
3048.0 0.047
3054.0 0.048
3056.0 0.049
3058.0 0.047
3060.0 0.046
3062.0 0.045
3064.0 0.047
3066.0 0.046
3068.0 0.047
3070.0 0.049
3074.0 0.051
3076.0 0.049
3078.0 0.047
3082.0 0.046
3086.0 0.047
3088.0 0.049
3090.0 0.051
3092.0 0.055
3094.0 0.056
3096.0 0.053
3098.0 0.051
3100.0 0.048
3102.0 0.044
3104.0 0.043
3108.0 0.047
3110.0 0.049
3112.0 0.047
3114.0 0.046
3116.0 0.044
3118.0 0.042
3120.0 0.041
3122.0 0.039
3124.0 0.036
3130.0 0.037
3132.0 0.039
3134.0 0.037
3136.0 0.033
3138.0 0.03
3144.0 0.029
3148.0 0.03
3150.0 0.026
3152.0 0.024
3154.0 0.028
3156.0 0.029
3158.0 0.031
3160.0 0.033
3162.0 0.034
3164.0 0.038
3166.0 0.037
3170.0 0.039
3172.0 0.043
3174.0 0.045
3176.0 0.047
3178.0 0.046
3180.0 0.045
3182.0 0.044
3184.0 0.042
3186.0 0.043
3190.0 0.042
3192.0 0.041
3196.0 0.042
3198.0 0.04
3200.0 0.042
3202.0 0.044
3204.0 0.043
3208.0 0.042
3210.0 0.04
3212.0 0.036
3214.0 0.034
3216.0 0.035
3218.0 0.034
3222.0 0.036
3224.0 0.035
3226.0 0.034
3230.0 0.035
3232.0 0.033
3234.0 0.031
3236.0 0.032
3238.0 0.031
3242.0 0.032
3244.0 0.031
3248.0 0.035
3250.0 0.037
3254.0 0.036
3258.0 0.038
3262.0 0.04
3264.0 0.041
3266.0 0.04
3268.0 0.039
3270.0 0.038
3272.0 0.037
3274.0 0.036
3278.0 0.037
3280.0 0.038
3284.0 0.037
3288.0 0.038
3294.0 0.035
3296.0 0.034
3300.0 0.036
3302.0 0.037
3304.0 0.039
3306.0 0.041
3310.0 0.04
3312.0 0.038
3314.0 0.039
3316.0 0.042
3318.0 0.044
3320.0 0.046
3322.0 0.048
3324.0 0.05
3326.0 0.053
3328.0 0.054
3330.0 0.056
3332.0 0.058
3336.0 0.06
3338.0 0.061
3340.0 0.062
3342.0 0.063
3346.0 0.064
3348.0 0.066
3352.0 0.065
3354.0 0.063
3356.0 0.061
3358.0 0.062
3362.0 0.063
3364.0 0.064
3366.0 0.063
3370.0 0.062
3372.0 0.059
3374.0 0.058
3376.0 0.06
3384.0 0.061
3386.0 0.062
3388.0 0.063
3390.0 0.064
3392.0 0.066
3394.0 0.067
3396.0 0.068
3398.0 0.069
3402.0 0.068
3408.0 0.069
3410.0 0.071
3412.0 0.074
3418.0 0.073
3420.0 0.072
3422.0 0.071
3428.0 0.07
3430.0 0.072
3432.0 0.073
3434.0 0.074
3438.0 0.072
3440.0 0.07
3442.0 0.071
3446.0 0.072
3448.0 0.073
3450.0 0.072
3452.0 0.073
3454.0 0.075
3456.0 0.077
3460.0 0.076
3462.0 0.079
3464.0 0.082
3470.0 0.084
3474.0 0.085
3476.0 0.087
3478.0 0.086
3480.0 0.085
3484.0 0.086
3486.0 0.088
3488.0 0.089
3492.0 0.09
3494.0 0.091
3496.0 0.092
3500.0 0.091
3506.0 0.092
3508.0 0.091
3510.0 0.09
3512.0 0.091
3514.0 0.09
3516.0 0.092
3524.0 0.091
3528.0 0.09
3532.0 0.089
3534.0 0.087
3538.0 0.086
3540.0 0.087
3544.0 0.084
3546.0 0.082
3550.0 0.081
3554.0 0.082
3556.0 0.083
3560.0 0.082
3566.0 0.081
3568.0 0.08
3570.0 0.081
3572.0 0.082
3574.0 0.084
3576.0 0.085
3578.0 0.082
3580.0 0.08
3582.0 0.082
3584.0 0.081
3586.0 0.08
3590.0 0.078
3596.0 0.079
3600.0 0.08
3602.0 0.081
3604.0 0.08
3606.0 0.081
3608.0 0.082
3612.0 0.081
3614.0 0.079
3620.0 0.08
3622.0 0.081
3626.0 0.08
3628.0 0.078
3630.0 0.08
3634.0 0.079
3638.0 0.08
3640.0 0.081
3642.0 0.082
3646.0 0.083
3648.0 0.082
3662.0 0.084
3666.0 0.082
3668.0 0.081
3672.0 0.083
3674.0 0.085
3676.0 0.084
3678.0 0.083
3680.0 0.084
3682.0 0.086
3684.0 0.088
3686.0 0.087
3688.0 0.086
3690.0 0.085
3694.0 0.084
3696.0 0.083
3700.0 0.084
3704.0 0.083
3706.0 0.084
3708.0 0.083
3710.0 0.085
3716.0 0.088
3718.0 0.089
3720.0 0.09
3722.0 0.089
3724.0 0.088
3730.0 0.087
3732.0 0.088
3734.0 0.089
3738.0 0.09
3740.0 0.091
3742.0 0.092
3744.0 0.091
3746.0 0.092
3748.0 0.094
3750.0 0.095
3756.0 0.094
3758.0 0.095
3760.0 0.096
3762.0 0.098
3764.0 0.1
3770.0 0.102
3772.0 0.101
3776.0 0.102
3778.0 0.104
3780.0 0.105
3786.0 0.108
3788.0 0.109
3790.0 0.11
3792.0 0.112
3796.0 0.111
3798.0 0.112
3806.0 0.113
3808.0 0.115
3810.0 0.116
3812.0 0.115
3814.0 0.114
3818.0 0.115
3820.0 0.116
3822.0 0.117
3828.0 0.118
3830.0 0.119
3834.0 0.118
3836.0 0.117
3838.0 0.116
3840.0 0.117
3842.0 0.118
3844.0 0.119
3850.0 0.12
3852.0 0.119
3860.0 0.118
3864.0 0.117
3868.0 0.118
3870.0 0.119
3874.0 0.117
3878.0 0.116
3880.0 0.115
3884.0 0.114
3886.0 0.113
3892.0 0.112
3896.0 0.111
3898.0 0.112
3900.0 0.113
3902.0 0.112
3904.0 0.113
3906.0 0.114
3908.0 0.113
3912.0 0.112
3914.0 0.113
3916.0 0.114
3918.0 0.113
3920.0 0.112
3922.0 0.11
3926.0 0.112
3930.0 0.111
3934.0 0.11
3936.0 0.109
3938.0 0.108
3940.0 0.107
3942.0 0.105
3944.0 0.106
3946.0 0.107
3948.0 0.108
3956.0 0.109
3958.0 0.112
3960.0 0.111
3966.0 0.11
3968.0 0.109
3970.0 0.11
3974.0 0.111
3976.0 0.112
3978.0 0.111
3982.0 0.112
3984.0 0.111
3986.0 0.11
3988.0 0.108
3994.0 0.107
4000.0 0.106
4010.0 0.105
4012.0 0.103
4014.0 0.102
4016.0 0.103
4020.0 0.102
4024.0 0.103
4028.0 0.104
4036.0 0.105
4038.0 0.106
4040.0 0.107
4050.0 0.106
4054.0 0.108
4056.0 0.109
4064.0 0.11
4068.0 0.111
4072.0 0.112
4080.0 0.114
4086.0 0.115
4088.0 0.116
4092.0 0.117
4094.0 0.119
4098.0 0.121
4104.0 0.122
4110.0 0.123
4112.0 0.124
4116.0 0.123
4118.0 0.121
4120.0 0.119
4122.0 0.121
4124.0 0.122
4126.0 0.123
4132.0 0.124
4134.0 0.123
4138.0 0.125
4140.0 0.128
4142.0 0.13
4144.0 0.129
4146.0 0.128
4148.0 0.127
4152.0 0.126
4158.0 0.124
4160.0 0.122
4164.0 0.123
4166.0 0.122
4170.0 0.123
4174.0 0.122
4176.0 0.123
4180.0 0.124
4186.0 0.125
4192.0 0.124
4194.0 0.123
4198.0 0.124
4200.0 0.126
4202.0 0.127
4210.0 0.128
4212.0 0.127
4214.0 0.129
4216.0 0.132
4220.0 0.133
4222.0 0.135
4224.0 0.136
4226.0 0.135
4232.0 0.136
4234.0 0.137
4238.0 0.136
4242.0 0.137
4246.0 0.138
4248.0 0.139
4250.0 0.14
4252.0 0.142
4254.0 0.144
4256.0 0.143
4262.0 0.144
4264.0 0.145
4268.0 0.144
4276.0 0.143
4278.0 0.145
4284.0 0.144
4286.0 0.143
4290.0 0.142
4292.0 0.143
4296.0 0.144
4304.0 0.143
4306.0 0.144
4308.0 0.146
4316.0 0.149
4322.0 0.15
4324.0 0.149
4326.0 0.147
4330.0 0.146
4332.0 0.147
4340.0 0.146
4342.0 0.145
4346.0 0.146
4348.0 0.147
4350.0 0.146
4352.0 0.147
4366.0 0.146
4370.0 0.145
4372.0 0.144
4374.0 0.145
4378.0 0.144
4380.0 0.143
4382.0 0.142
4388.0 0.141
4392.0 0.14
4394.0 0.142
4400.0 0.14
4402.0 0.139
4408.0 0.14
4414.0 0.141
4416.0 0.14
4418.0 0.138
4422.0 0.139
4424.0 0.138
4428.0 0.137
4432.0 0.136
4434.0 0.135
4436.0 0.134
4442.0 0.133
4448.0 0.132
4450.0 0.131
4454.0 0.129
4458.0 0.128
4460.0 0.127
4464.0 0.126
4466.0 0.125
4468.0 0.124
4470.0 0.123
4474.0 0.122
4480.0 0.121
4484.0 0.122
4486.0 0.123
4488.0 0.122
4492.0 0.121
4496.0 0.12
4500.0 0.118
4508.0 0.116
4514.0 0.115
4516.0 0.114
4518.0 0.112
4520.0 0.113
4522.0 0.114
4524.0 0.113
4526.0 0.112
4528.0 0.111
4540.0 0.112
4542.0 0.111
4554.0 0.11
4558.0 0.109
4560.0 0.11
4564.0 0.112
4568.0 0.113
4570.0 0.114
4572.0 0.116
4574.0 0.117
4576.0 0.116
4580.0 0.117
4582.0 0.116
4594.0 0.115
4600.0 0.116
4602.0 0.117
4606.0 0.116
4608.0 0.115
4610.0 0.114
4614.0 0.112
4620.0 0.113
4626.0 0.112
4628.0 0.111
4636.0 0.11
4642.0 0.109
4646.0 0.108
4648.0 0.107
4652.0 0.106
4656.0 0.107
4658.0 0.106
4660.0 0.107
4662.0 0.109
4664.0 0.108
4672.0 0.109
4674.0 0.11
4676.0 0.112
4678.0 0.113
4682.0 0.114
4684.0 0.115
4686.0 0.114
4688.0 0.115
4690.0 0.117
4692.0 0.119
4694.0 0.12
4696.0 0.121
4700.0 0.12
4702.0 0.121
4710.0 0.122
4718.0 0.123
4724.0 0.124
4726.0 0.126
4728.0 0.127
4730.0 0.128
4732.0 0.13
4734.0 0.129
4746.0 0.13
4752.0 0.128
4754.0 0.127
4760.0 0.128
4762.0 0.127
4764.0 0.126
4766.0 0.127
4770.0 0.126
4772.0 0.127
4774.0 0.126
4776.0 0.125
4778.0 0.127
4780.0 0.128
4782.0 0.127
4786.0 0.128
4788.0 0.129
4792.0 0.131
4796.0 0.133
4798.0 0.134
4800.0 0.132
4802.0 0.133
4806.0 0.132
4810.0 0.133
4814.0 0.134
4818.0 0.133
4820.0 0.132
4824.0 0.134
4826.0 0.133
4828.0 0.134
4832.0 0.137
4834.0 0.138
4836.0 0.139
4838.0 0.141
4840.0 0.142
4842.0 0.141
4844.0 0.142
4846.0 0.143
4852.0 0.144
4854.0 0.145
4858.0 0.144
4864.0 0.145
4868.0 0.146
4870.0 0.147
4872.0 0.148
4876.0 0.147
4878.0 0.145
4880.0 0.143
4882.0 0.144
4884.0 0.143
4886.0 0.142
4890.0 0.141
4908.0 0.142
4914.0 0.143
4918.0 0.142
4928.0 0.14
4932.0 0.142
4934.0 0.141
4954.0 0.142
4958.0 0.143
4960.0 0.144
4962.0 0.145
4964.0 0.146
4966.0 0.147
4968.0 0.145
4974.0 0.144
4976.0 0.143
4982.0 0.142
4984.0 0.141
4986.0 0.142
4990.0 0.141
4992.0 0.139
4994.0 0.138
4998.0 0.137
5002.0 0.139
5004.0 0.138
5006.0 0.137
5008.0 0.139
5012.0 0.14
5020.0 0.141
5022.0 0.143
5026.0 0.142
5028.0 0.141
5032.0 0.142
5036.0 0.141
5038.0 0.14
5040.0 0.139
5044.0 0.14
5046.0 0.141
5052.0 0.142
5054.0 0.143
5058.0 0.144
5060.0 0.145
5062.0 0.146
5064.0 0.147
5074.0 0.149
5076.0 0.15
5080.0 0.151
5090.0 0.15
5092.0 0.149
5094.0 0.148
5096.0 0.149
5100.0 0.148
5116.0 0.149
5120.0 0.151
5122.0 0.152
5124.0 0.151
5130.0 0.152
5134.0 0.151
5138.0 0.15
5142.0 0.149
5144.0 0.151
5146.0 0.152
5148.0 0.151
5156.0 0.152
5158.0 0.153
5162.0 0.151
5168.0 0.152
5170.0 0.154
5172.0 0.155
5176.0 0.154
5178.0 0.155
5180.0 0.156
5184.0 0.157
5194.0 0.159
5196.0 0.16
5206.0 0.159
5212.0 0.158
5216.0 0.161
5220.0 0.162
5222.0 0.163
5226.0 0.162
5228.0 0.161
5232.0 0.16
5234.0 0.159
5236.0 0.158
5238.0 0.157
5240.0 0.158
5246.0 0.157
5250.0 0.156
5256.0 0.155
5258.0 0.156
5260.0 0.157
5272.0 0.155
5274.0 0.153
5278.0 0.152
5280.0 0.154
5284.0 0.153
5288.0 0.151
5290.0 0.15
5292.0 0.151
5296.0 0.15
5310.0 0.149
5314.0 0.148
5324.0 0.146
5332.0 0.145
5334.0 0.146
5336.0 0.145
5338.0 0.143
5340.0 0.145
5346.0 0.144
5348.0 0.143
5350.0 0.142
5352.0 0.14
5354.0 0.138
5356.0 0.137
5358.0 0.138
5360.0 0.137
5368.0 0.136
5370.0 0.135
5372.0 0.132
5374.0 0.13
5376.0 0.131
5378.0 0.13
5380.0 0.128
5384.0 0.127
5386.0 0.125
5388.0 0.126
5390.0 0.125
5392.0 0.124
5396.0 0.123
5398.0 0.121
5400.0 0.119
5404.0 0.117
5406.0 0.116
5414.0 0.117
5416.0 0.116
5418.0 0.115
5420.0 0.114
5422.0 0.113
5424.0 0.111
5426.0 0.11
5432.0 0.109
5434.0 0.11
5436.0 0.111
5438.0 0.113
5440.0 0.114
5442.0 0.115
5444.0 0.114
5446.0 0.113
5450.0 0.112
5454.0 0.111
5456.0 0.11
5460.0 0.109
5462.0 0.108
5464.0 0.109
5468.0 0.108
5470.0 0.109
5472.0 0.108
5478.0 0.107
5480.0 0.106
5482.0 0.104
5484.0 0.103
5490.0 0.104
5492.0 0.105
5494.0 0.106
5496.0 0.108
5500.0 0.107
5502.0 0.105
5504.0 0.104
5506.0 0.103
5508.0 0.102
5510.0 0.101
5512.0 0.102
5516.0 0.101
5518.0 0.1
5520.0 0.099
5522.0 0.098
5524.0 0.097
5526.0 0.096
5528.0 0.097
5532.0 0.096
5534.0 0.095
5536.0 0.094
5540.0 0.095
5542.0 0.093
5544.0 0.091
5548.0 0.09
5554.0 0.091
5556.0 0.093
5566.0 0.094
5568.0 0.093
5572.0 0.092
5574.0 0.093
5578.0 0.092
5582.0 0.093
5586.0 0.094
5588.0 0.093
5598.0 0.095
5600.0 0.096
5602.0 0.097
5608.0 0.098
5610.0 0.096
5612.0 0.095
5616.0 0.094
5618.0 0.093
5620.0 0.092
5622.0 0.091
5624.0 0.09
5628.0 0.089
5632.0 0.088
5636.0 0.089
5638.0 0.088
5640.0 0.086
5644.0 0.085
5648.0 0.086
5650.0 0.087
5654.0 0.088
5656.0 0.09
5658.0 0.089
5660.0 0.087
5662.0 0.086
5664.0 0.085
5666.0 0.083
5670.0 0.081
5672.0 0.08
5678.0 0.082
5688.0 0.083
5692.0 0.082
5694.0 0.083
5696.0 0.082
5700.0 0.081
5702.0 0.082
5704.0 0.083
5706.0 0.084
5708.0 0.085
5710.0 0.086
5712.0 0.087
5716.0 0.086
5718.0 0.087
5720.0 0.086
5722.0 0.085
5724.0 0.084
5726.0 0.085
5728.0 0.086
5732.0 0.085
5736.0 0.084
5738.0 0.083
5740.0 0.084
5746.0 0.085
5752.0 0.087
5754.0 0.088
5766.0 0.087
5768.0 0.086
5774.0 0.087
5778.0 0.088
5780.0 0.089
5782.0 0.088
5784.0 0.087
5790.0 0.088
5794.0 0.086
5798.0 0.085
5800.0 0.084
5804.0 0.086
5806.0 0.088
5812.0 0.089
5814.0 0.09
5818.0 0.091
5820.0 0.092
5830.0 0.093
5832.0 0.092
5836.0 0.091
5838.0 0.089
5842.0 0.09
5844.0 0.088
5846.0 0.087
5848.0 0.085
5850.0 0.083
5854.0 0.084
5856.0 0.085
5858.0 0.083
5860.0 0.086
5862.0 0.087
5876.0 0.085
5886.0 0.084
5890.0 0.083
5894.0 0.085
5898.0 0.084
5900.0 0.085
5906.0 0.084
5908.0 0.085
5910.0 0.084
5914.0 0.083
5918.0 0.082
5922.0 0.083
5924.0 0.084
5928.0 0.083
5930.0 0.085
5934.0 0.086
5938.0 0.087
5940.0 0.089
5942.0 0.088
5950.0 0.087
5952.0 0.086
5956.0 0.085
5964.0 0.086
5968.0 0.085
5974.0 0.084
5978.0 0.083
5980.0 0.084
5982.0 0.083
5984.0 0.084
5988.0 0.083
5992.0 0.082
5996.0 0.083
5998.0 0.085
6000.0 0.086
6002.0 0.088
6004.0 0.087
6006.0 0.086
6010.0 0.085
6014.0 0.084
6016.0 0.083
6018.0 0.081
6020.0 0.08
6022.0 0.079
6024.0 0.078
6026.0 0.079
6030.0 0.078
6034.0 0.079
6036.0 0.081
6038.0 0.082
6040.0 0.083
6044.0 0.082
6046.0 0.081
6048.0 0.082
6050.0 0.085
6056.0 0.084
6058.0 0.082
6062.0 0.079
6064.0 0.076
6068.0 0.078
6070.0 0.079
6072.0 0.078
6074.0 0.079
6076.0 0.08
6078.0 0.081
6080.0 0.08
6082.0 0.079
6084.0 0.08
6086.0 0.082
6090.0 0.084
6098.0 0.083
6100.0 0.084
6102.0 0.083
6104.0 0.082
6106.0 0.081
6108.0 0.083
6110.0 0.081
6116.0 0.082
6118.0 0.081
6122.0 0.082
6128.0 0.083
6132.0 0.082
6134.0 0.083
6136.0 0.084
6138.0 0.085
6142.0 0.086
6144.0 0.087
6146.0 0.086
6154.0 0.085
6156.0 0.083
6160.0 0.082
6162.0 0.083
6164.0 0.082
6166.0 0.081
6178.0 0.082
6182.0 0.08
6184.0 0.079
6188.0 0.08
6190.0 0.081
6192.0 0.08
6196.0 0.079
6198.0 0.077
6200.0 0.074
6204.0 0.073
6206.0 0.074
6208.0 0.073
6212.0 0.076
6214.0 0.078
6216.0 0.079
6218.0 0.08
6220.0 0.081
6222.0 0.082
6226.0 0.083
6230.0 0.082
6232.0 0.081
6234.0 0.08
6236.0 0.078
6238.0 0.077
6240.0 0.076
6242.0 0.073
6244.0 0.072
6246.0 0.071
6248.0 0.072
6250.0 0.073
6256.0 0.072
6260.0 0.073
6266.0 0.074
6268.0 0.073
6270.0 0.071
6272.0 0.069
6274.0 0.068
6276.0 0.066
6280.0 0.065
6284.0 0.066
6286.0 0.065
6288.0 0.064
6290.0 0.065
6292.0 0.064
6294.0 0.065
6296.0 0.066
6298.0 0.063
6300.0 0.062
