3720.0 0.17161640144341747
3721.5 0.16253474283237704
3723.0 0.15879806288099343
3724.5 0.14110347946521948
3726.0 0.13940378944194767
3727.5 0.14819478598415256
3729.0 0.14391588230306113
3730.5 0.13398343650187966
3732.0 0.14708631297285582
3733.5 0.13363765699049343
3735.0 0.1305426006011099
3736.5 0.14708301534808785
3738.0 0.13167415698578253
3739.5 0.12421492976059245
3741.0 0.13498120353882248
3742.5 0.1424832998859964
3744.0 0.13541036584791355
3745.5 0.13358913479747872
3747.0 0.1493437726711703
3748.5 0.13936327576622667
3750.0 0.12672536438753687
3751.5 0.14440911275050172
3753.0 0.1304907807833272
3754.5 0.12792004673205384
3756.0 0.12793747703439895
3757.5 0.1446451284660392
3759.0 0.1570460819506864
3760.5 0.1426919924248848
3762.0 0.13797167811413552
3763.5 0.14393001498063823
3765.0 0.12909682768497321
3766.5 0.1343259183884979
3768.0 0.14759556045488378
3769.5 0.12021491091702234
3771.0 0.12698163694093484
3772.5 0.13995025297492864
3774.0 0.12407878496659977
3775.5 0.12241725317278611
3777.0 0.12065773481443794
3778.5 0.1230178919698126
3780.0 0.1250765520035426
3781.5 0.13405174444350226
3783.0 0.12795160971197603
3784.5 0.1228153235912076
3786.0 0.11781376899667412
3787.5 0.1322861019248707
3789.0 0.1217332315780548
3790.5 0.12040052008253484
3792.0 0.11741852511376806
3793.5 0.1198926858682646
3795.0 0.1299061590208881
3796.5 0.13340776543523936
3798.0 0.13396789055654484
3799.5 0.12669992556789808
3801.0 0.12379566032580533
3802.5 0.11987290011965666
3804.0 0.12190376588748504
3805.5 0.12150381111205329
3807.0 0.11452980581701008
3808.5 0.11367477882359592
3810.0 0.12893335971433148
3811.5 0.1340357274089149
3813.0 0.12533423782469827
3814.5 0.13104383956584414
3816.0 0.13053600535157392
3817.5 0.12521034135127243
3819.0 0.11846952523625127
3820.5 0.10941990069438558
3822.0 0.11956716319473888
3823.5 0.11490620612981337
3825.0 0.13092418289569144
3826.5 0.14805581465464449
3828.0 0.1452372876565194
3829.5 0.1609726108708556
3831.0 0.15668004560143964
3832.5 0.1411157277857863
3834.0 0.14706322959947993
3835.5 0.13620980430952448
3837.0 0.13531332146188418
3838.5 0.12338204396204905
3840.0 0.15956829380894505
3841.5 0.14277820175810507
3843.0 0.16283576886476914
3844.5 0.14160283407294347
3846.0 0.14402329065264707
3847.5 0.1488194503330601
3849.0 0.16555159840583397
3850.5 0.17258401876819582
3852.0 0.18228845737113353
3853.5 0.18851531511160105
3855.0 0.1857589718948152
3856.5 0.17400058415067318
3858.0 0.17666129624918736
3859.5 0.17845803065848856
3861.0 0.16646174284179882
3862.5 0.17514391776666008
3864.0 0.17721906592423
3865.5 0.18205338383410122
3867.0 0.18823454591706945
3868.5 0.19612058000508775
3870.0 0.20099588267993254
3871.5 0.19599574135315675
3873.0 0.1907006981542723
3874.5 0.20793549845953813
3876.0 0.2083151963971094
3877.5 0.1959203670727456
3879.0 0.21747081602080331
3880.5 0.21936836353015443
3882.0 0.21740297916843324
3883.5 0.215747571534903
3885.0 0.2138429576867633
3886.5 0.22256611737659818
3888.0 0.23529353571327624
3889.5 0.22448439281306237
3891.0 0.20691888785249257
3892.5 0.20345214204283144
3894.0 0.20841883603267478
3895.5 0.21770777391484591
3897.0 0.23870280863412385
3898.5 0.2475239548884932
3900.0 0.2386707745649491
3901.5 0.23428163599875632
3903.0 0.23486578667194288
3904.5 0.2303207175631495
3906.0 0.24745376258986027
3907.5 0.2477279365348559
3909.0 0.24702036047749606
3910.5 0.2665927056540132
3912.0 0.24237494935790535
3913.5 0.21891282022291947
3915.0 0.2447826865277896
3916.5 0.24687997588023028
3918.0 0.2507137002176432
3919.5 0.2570550326464852
3921.0 0.24817924003881778
3922.5 0.2375674835354306
3924.0 0.2516073565297682
3925.5 0.26688195445509105
3927.0 0.2506501031685463
3928.5 0.26903341907157735
3930.0 0.2748207505393972
3931.5 0.2705008620933322
3933.0 0.26059668164730493
3934.5 0.24408500334473368
3936.0 0.2510679593355757
3937.5 0.2783025712051405
3939.0 0.26028717600836654
3940.5 0.26947859841525573
3942.0 0.28193090062843307
3943.5 0.2857886505177271
3945.0 0.27399351781188463
3946.5 0.26804554490893845
3948.0 0.2711561472436568
3949.5 0.2666120203133686
3951.0 0.27123623241659367
3952.5 0.28370502275361087
3954.0 0.28392266598829813
3955.5 0.2933957997682241
3957.0 0.29599150154988363
3958.5 0.3007316016092409
3960.0 0.30316807522353184
3961.5 0.29833941038469153
3963.0 0.2911849779059141
3964.5 0.29787020548913196
3966.0 0.29842467753940666
3967.5 0.2731907817255057
3969.0 0.2791698465191215
3970.5 0.30381252532104736
3972.0 0.3050420682702545
3973.5 0.3060421907534602
3975.0 0.2972219866775959
3976.5 0.3003462506006388
3978.0 0.3041809171165569
3979.5 0.28889783958468773
3981.0 0.28655841035642615
3982.5 0.2936704448024723
3984.0 0.3024374157927961
3985.5 0.3123039090986178
3987.0 0.31580598660222164
3988.5 0.31819393802349794
3990.0 0.3224930985424499
3991.5 0.31938814927876236
3993.0 0.30391475168885496
3994.5 0.2854113080264187
3996.0 0.29308912066480114
3997.5 0.3091028576274061
3999.0 0.3131730687696091
4000.5 0.3024798138255274
4002.0 0.3198630072453527
4003.5 0.32101811809265385
4005.0 0.2945918953804988
4006.5 0.3009638486107578
4008.0 0.31292386255499965
4009.5 0.3229896266146584
4011.0 0.31219414530276907
4012.5 0.3188704221901882
4014.0 0.3137049285357604
4015.5 0.31517001611125245
4017.0 0.330259947049568
4018.5 0.3237198149561416
4020.0 0.31711325927810285
4021.5 0.31154262886646505
4023.0 0.32271403940190513
4024.5 0.3275436464192506
4026.0 0.3058815493183339
4027.5 0.3098358725044047
4029.0 0.3279925944769496
4030.5 0.3307767319596371
4032.0 0.3229915109716687
4033.5 0.3021166040117961
4035.0 0.3024689787727183
4036.5 0.30264610833168454
4038.0 0.30356237692793275
4039.5 0.31112948359196135
4041.0 0.306476063955077
4042.5 0.3056808652967391
4044.0 0.2907718326314103
4045.5 0.2894452452961738
4047.0 0.3037107700424923
4048.5 0.31605896153085167
4050.0 0.28764803979762005
4051.5 0.2914530276906263
4053.0 0.2952627264761582
4054.5 0.2908594552323884
4056.0 0.30973505940435475
4057.5 0.2906818545841695
4059.0 0.2989386359139603
4060.5 0.315869112562066
4062.0 0.29117932483488324
4063.5 0.2980058791938721
4065.0 0.28546689655822194
4066.5 0.27828655417055315
4068.0 0.2917667731328378
4069.5 0.29523822983502457
4071.0 0.27925228713832123
4072.5 0.2811799843598368
4074.0 0.29396911538860154
4075.5 0.2989612481980836
4077.0 0.2936063766641228
4078.5 0.3014453018268841
4080.0 0.2978659656858588
4081.5 0.292963339834365
4083.0 0.2849340946135655
4084.5 0.2885237947181473
4086.0 0.29115153056898163
4087.5 0.28916400501238965
4089.0 0.2891569386736011
4090.5 0.28405645533602797
4092.0 0.2776030036650744
4093.5 0.27302495830860113
4095.0 0.27469355644120336
4096.5 0.27833837398833583
4098.0 0.2769806947624297
4099.5 0.27527064077560137
4101.0 0.2766363285188012
4102.5 0.28302948076542583
4104.0 0.2847560228760941
4105.5 0.2816275191497781
4107.0 0.2764507193532887
4108.5 0.27668673506882613
4110.0 0.2764281070691653
4111.5 0.2702172663632852
4113.0 0.2699308440977228
4114.5 0.2751759518358348
4116.0 0.28358206845869016
4117.5 0.2760559465596352
4119.0 0.2803617023281231
4120.5 0.2867091589172485
4122.0 0.2909536730829023
4123.5 0.29331901222005524
4125.0 0.27767036942819184
4126.5 0.27616618144473654
4128.0 0.2873762212988873
4129.5 0.2644987139263405
4131.0 0.2566263414266467
4132.5 0.2712089092399446
4134.0 0.2697245070050972
4135.5 0.26730640587165644
4137.0 0.2621206553793682
4138.5 0.27070013284716926
4140.0 0.279686160339938
4141.5 0.27262264808690656
4143.0 0.284046562461724
4144.5 0.2882336037385643
4146.0 0.2690932474066537
4147.5 0.2739247387810094
4149.0 0.29069410290473635
4150.5 0.2827034870026475
4152.0 0.264640511791364
4153.5 0.2621677643046252
4155.0 0.2769246351413739
4156.5 0.27817113730367354
4158.0 0.2656340390250337
4159.5 0.27507372546802716
4161.0 0.2797695431376429
4162.5 0.27158530955274784
4164.0 0.2679032759546624
4165.5 0.27862244080763543
4167.0 0.28268746996806016
4168.5 0.2834680648595683
4170.0 0.2939799504414106
4171.5 0.28648821805779323
4173.0 0.27550477213412855
4174.5 0.27327275125545286
4176.0 0.27624202681440024
4177.5 0.28563837304615736
4179.0 0.28630213780302816
4180.5 0.27408962001940884
4182.0 0.27191177440477876
4183.5 0.2807348050161584
4185.0 0.27697221515588344
4186.5 0.26932737876518087
4188.0 0.27925888238785723
4189.5 0.28263141034700434
4191.0 0.285153622205263
4192.5 0.2985749550109764
4194.0 0.28824914968389914
4195.5 0.27521128352977753
4197.0 0.2689712352902381
4198.5 0.27809482084475723
4200.0 0.2845624051932879
4201.5 0.2771111864853915
4203.0 0.2789286488218058
4204.5 0.2899799315978405
4206.0 0.28899912377399023
4207.5 0.27443115972752197
4209.0 0.279982946569057
4210.5 0.2765180851164062
4212.0 0.27287468083703137
4213.5 0.2845134119110207
4215.0 0.2914016789620962
4216.5 0.2910874624306321
4218.0 0.2977745743708603
4219.5 0.306226386651215
4221.0 0.3051918746525717
4222.5 0.29924295957112035
4224.0 0.29942715546887516
4225.5 0.3015206761072953
4227.0 0.29958120165446545
4228.5 0.3033258901231427
4230.0 0.30909767564562785
4231.5 0.3037922684831868
4233.0 0.29647531021227286
4234.5 0.2999293366121145
4236.0 0.2994502388422511
4237.5 0.2987393651601232
4239.0 0.29841290030809237
4240.5 0.30993291689043406
4242.0 0.32191789856506214
4243.5 0.3178387367270603
4245.0 0.31074743020812723
4246.5 0.3164165182735521
4248.0 0.31987195794115153
4249.5 0.3141147761854961
4251.0 0.3075708753780491
4252.5 0.3035100860208975
4254.0 0.306125573551165
4255.5 0.302251335538031
4257.0 0.3103102593817425
4258.5 0.3099767281909231
4260.0 0.3142165314640512
4261.5 0.3180125686612586
4263.0 0.30108444745941565
4264.5 0.31098909899469557
4266.0 0.31630345685293537
4267.5 0.31873192194993266
4269.0 0.32770193240811407
4270.5 0.3319959109452877
4272.0 0.32570639833422843
4273.5 0.3089422161922798
4275.0 0.32640078389251626
4276.5 0.3347107983078474
4278.0 0.3359883923608167
4279.5 0.32781923363200394
4281.0 0.33293761836117475
4282.5 0.32949489810339466
4284.0 0.349828052422812
4285.5 0.3332560746959119
4287.0 0.3261784297653033
4288.5 0.33044084532255485
4290.0 0.3398164636271988
4291.5 0.32955331317071335
4293.0 0.33806683814315464
4294.5 0.3466133393632758
4296.0 0.3427923344356822
4297.5 0.3355262538040457
4299.0 0.3311484213799146
4300.5 0.34473510651328
4302.0 0.3365918576933586
4303.5 0.335652976812987
4305.0 0.34649274051461787
4306.5 0.34987940115134214
4308.0 0.339074969143654
4309.5 0.3337328170195125
4311.0 0.3383132178222486
4312.5 0.34084485146555865
4314.0 0.33567888672187834
4315.5 0.3376461554406098
4317.0 0.34709997456118036
4318.5 0.3500593572458238
4320.0 0.34635188482809953
4321.5 0.3438089450427278
4323.0 0.36086708687827995
4324.5 0.35977227545530777
4326.0 0.35017760064821885
4327.5 0.34818253766358576
4329.0 0.35306208014170365
4330.5 0.34336517896680707
4332.0 0.343388262340183
4333.5 0.3578323299132254
4335.0 0.35525594279092115
4336.5 0.3548842533706436
4338.0 0.35699520431140885
4339.5 0.3595485080603371
4341.0 0.3550415971810019
4342.5 0.34723800371218333
4344.0 0.3593958751425045
4345.5 0.36089817876894953
4347.0 0.3640370464588221
4348.5 0.3707505393971942
4350.0 0.36061646739591285
4351.5 0.3496278394904699
4353.0 0.35849845011635906
4354.5 0.3669733457700896
4356.0 0.3559215919048023
4357.5 0.3571205140525924
4359.0 0.355973411722585
4360.5 0.36607780510095445
4362.0 0.37077880475234837
4363.5 0.3648185835288354
4365.0 0.3674778823595919
4366.5 0.3663190027982702
4368.0 0.36548470373196906
4369.5 0.368555263480219
4371.0 0.36258609156090715
4372.5 0.36000782008159266
4374.0 0.36551579562263864
4375.5 0.36969105966816473
4377.0 0.3637157635885695
4378.5 0.35859973430566155
4380.0 0.36575322460593385
4381.5 0.37354692520044847
4383.0 0.38151869753243445
4384.5 0.37978414690447254
4386.0 0.376517142937901
4387.5 0.3738455957865777
4389.0 0.3711891234913367
4390.5 0.3734588315102179
4392.0 0.37764728605481596
4393.5 0.38896473425855266
4395.0 0.39101868339975693
4396.5 0.384788999123774
4398.0 0.3842844625342718
4399.5 0.39519159199902015
4401.0 0.3992005615383891
4402.5 0.3890189095225982
4404.0 0.39035067883961294
4405.5 0.3893514985349124
4407.0 0.3990158945513817
4408.5 0.40841129860463365
4410.0 0.4073668937316864
4411.5 0.4029339438650047
4413.0 0.40893185222872325
4414.5 0.41000546463532983
4416.0 0.409176347550807
4417.5 0.40373997757615154
4419.0 0.40447063700688735
4420.5 0.40621790704466865
4422.0 0.3991567502379001
4423.5 0.4083415773952533
4425.0 0.4164749333408708
4426.5 0.4227639748626775
4428.0 0.4175622073358018
4429.5 0.41012606348398767
4431.0 0.41636940934829514
4432.5 0.42826535515418757
4434.0 0.43135899827581337
4435.5 0.4408019823435748
4437.0 0.44387489753808756
4438.5 0.4433548150032505
4440.0 0.4469562923391466
4441.5 0.44583462882877795
4443.0 0.44016271422783765
4444.5 0.4490304983182114
4446.0 0.45103451199864325
4447.5 0.4569363181548376
4449.0 0.4616754760356897
4450.5 0.46658281277970926
4452.0 0.46429567445848297
4453.5 0.469730160076128
4455.0 0.47032703015913396
4456.5 0.4670859361014538
4458.0 0.47492391908571
4459.5 0.48888700453187867
4461.0 0.4948604162544636
4462.5 0.4941726259457117
4464.0 0.4989824472144493
4465.5 0.5020963471739356
4467.0 0.5076834657094134
4468.5 0.5144435964837898
4470.0 0.520850410318739
4471.5 0.5311955303051716
4473.0 0.5136945645722039
4474.5 0.5216324184780049
4476.0 0.5236910785117348
4477.5 0.5199977387715877
4479.0 0.5262208277980346
4480.5 0.5248499580730566
4482.0 0.5513769938852615
4483.5 0.5516737801143805
4485.0 0.5421342227498422
4486.5 0.5484421078417517
4488.0 0.5388365979818537
4489.5 0.5396751368514279
4491.0 0.5611992048013417
4492.5 0.5595739468799759
4494.0 0.5805845275445886
4495.5 0.585366083458172
4497.0 0.5642754176206224
4498.5 0.569692944025175
4500.0 0.586925388884178
4501.5 0.5860727173370267
4503.0 0.5977274654456034
4504.5 0.605952683795472
4506.0 0.6058490441599066
4507.5 0.618879372885987
4509.0 0.6124678481585121
4510.5 0.6160010175527856
4512.0 0.6326634444161792
4513.5 0.6197603097882926
4515.0 0.6189971451991294
4516.5 0.6191761591151059
4518.0 0.6324373215749456
4519.5 0.6391644761016423
4521.0 0.6350659996042851
4522.5 0.636719522880805
4524.0 0.6389289314753573
4525.5 0.637515663717648
4527.0 0.6383165154470166
4528.5 0.6457361711749908
4530.0 0.6629591942489425
4531.5 0.6607497856543901
4533.0 0.6489489998775168
4534.5 0.6563498120353882
4536.0 0.6653947256847282
4537.5 0.6711043274258741
4539.0 0.6848177355681807
4540.5 0.6817933425666827
4542.0 0.6786841534997221
4543.5 0.6791929298924975
4545.0 0.6789385416961098
4546.5 0.6831265251514552
4548.0 0.6799608053741862
4549.5 0.6920395338100758
4551.0 0.701423631721266
4552.5 0.7014424752913687
4554.0 0.7054891319709432
4555.5 0.6977020266259646
4557.0 0.6969058857891216
4558.5 0.7070719918595777
4560.0 0.7006463344545257
4561.5 0.6975041691398853
4563.0 0.720978546595438
4564.5 0.7135023601571554
4566.0 0.709469836155158
4567.5 0.7059931974711929
4569.0 0.6987478447666695
4570.5 0.7128145698484035
4572.0 0.7163288956725742
4573.5 0.7064784194013398
4575.0 0.7052818526998125
4576.5 0.7174359554161132
4578.0 0.7097807550618541
4579.5 0.7108642603427646
4581.0 0.7226179371943808
4582.5 0.7156316835787709
4584.0 0.7087820458464061
4585.5 0.7160226876584037
4587.0 0.7242384842232209
4588.5 0.7305934782403875
4590.0 0.7227592639701518
4591.5 0.7188963320990795
4593.0 0.7233999453536467
4594.5 0.7288598697909306
4596.0 0.7294534422491686
4597.5 0.7337827524802849
4599.0 0.734046562461724
4600.5 0.736793012804206
4602.0 0.7443681279855282
4603.5 0.7409857071520771
4605.0 0.7411600101755279
4606.5 0.7330525641388018
4608.0 0.7191365876178901
4609.5 0.7367506147714746
4611.0 0.7424696382976719
4612.5 0.7175207514815757
4614.0 0.712136201324703
4615.5 0.7289540876414446
4617.0 0.7247661041860991
4618.5 0.7172145434674054
4620.0 0.7243656783214149
4621.5 0.724643620980431
4623.0 0.7146047090081687
4624.5 0.7065113956490198
4626.0 0.690711062117829
4627.5 0.6842382957875199
4629.0 0.7023610993338798
4630.5 0.7012493286978151
4632.0 0.6809029838793258
4633.5 0.6847941811055523
4635.0 0.6981495614159059
4636.5 0.6882519762194146
4638.0 0.6741522748900006
4639.5 0.6793436784533198
4641.0 0.6828815587401189
4642.5 0.671123170995977
4644.0 0.6734880390438773
4645.5 0.6794567398739365
4647.0 0.6638307093661966
4648.5 0.6554406097779285
4650.0 0.6680846453169017
4651.5 0.6845916127269472
4653.0 0.6804083401641275
4654.5 0.6684473840413805
4656.0 0.6649189255396327
4657.5 0.6591339495180757
4659.0 0.6585309552747863
4660.5 0.6626906733749777
4662.0 0.6643347748664462
4663.5 0.6562603050774
4665.0 0.6424291246219509
4666.5 0.6376051706756363
4668.0 0.6366959684181765
4669.5 0.6299735247840056
4671.0 0.6308921488265167
4672.5 0.6318625926868104
4674.0 0.6222429501493353
4675.5 0.6155063738375873
4677.0 0.6275568369183225
4678.5 0.6259881097072652
4680.0 0.6123359431677926
4681.5 0.6111158220036369
4683.0 0.6141402150051349
4684.5 0.6180502558014642
4686.0 0.6124725590510378
4687.5 0.6141307932200836
4689.0 0.6064473275106702
4690.5 0.603922289116896
4692.0 0.607573230824312
4693.5 0.5950940765237382
4695.0 0.6036349246728285
4696.5 0.6136361495048852
4698.0 0.6117188162469261
4699.5 0.6168536890999369
4701.0 0.6021227281720795
4702.5 0.6115492241160011
4704.0 0.6060327689684087
4705.5 0.5920696835222401
4707.0 0.585818329140639
4708.5 0.582605500438113
4710.0 0.5933887334294355
4711.5 0.5815785258675109
4713.0 0.59048211274108
4714.5 0.589031157843165
4716.0 0.587518961342416
4717.5 0.5835900769759839
4719.0 0.5847772218924597
4720.5 0.579081752828891
4722.0 0.568322074300197
4723.5 0.5695563281419298
4725.0 0.57607149250497
4726.5 0.5739939889011373
4728.0 0.5757888389534281
4729.5 0.5852765765001837
4731.0 0.580546840404383
4732.5 0.5695893043896096
4734.0 0.5769806947624297
4735.5 0.5776496415010788
4737.0 0.5727785786295072
4738.5 0.5648972554340146
4740.0 0.5651469327378765
4741.5 0.5722274042040005
4743.0 0.568336206977774
4744.5 0.5664424281824435
4746.0 0.5713182019465408
4747.5 0.5715631683578771
4749.0 0.5668475649396535
4750.5 0.5638278828306811
4752.0 0.5619011277876707
4753.5 0.5646193127749983
4755.0 0.5739280364057775
4756.5 0.5718034238766877
4758.0 0.5759584310843533
4759.5 0.5704042887965555
4761.0 0.5557251476864807
4762.5 0.5542647710035143
4764.0 0.5632531539425459
4765.5 0.5575623957715029
4767.0 0.5559889576679198
4768.5 0.5624287477505489
4770.0 0.5599272638194033
4771.5 0.5466896558221921
4773.0 0.5452292791392257
4774.5 0.5662728360515183
4776.0 0.5499307498798722
4777.5 0.549388997239417
4779.0 0.5578544711080962
4780.5 0.5571289936591387
4782.0 0.5577602532575822
4783.5 0.5640210294242347
4785.0 0.5604878600299613
4786.5 0.5635075421389336
4788.0 0.5682985198375684
4789.5 0.5638325937232068
4791.0 0.5627208230871421
4792.5 0.5689533338986404
4794.0 0.5687083674873041
4795.5 0.5660702676729134
4797.0 0.5733768619802708
4798.5 0.5777014613188615
4800.0 0.5881031120156025
4801.5 0.5835382571582012
4803.0 0.5780971762910201
4804.5 0.5838350433873202
4806.0 0.5835382571582012
4807.5 0.5806787453951026
4809.0 0.5876461554406098
4810.5 0.5914525566013737
4812.0 0.5833922194899046
4813.5 0.5739892780086115
4815.0 0.5704466868292867
4816.5 0.5782337921742654
4818.0 0.5901806156194352
4819.5 0.5920885270923429
4821.0 0.5879806288099343
4822.5 0.5843532415651469
4824.0 0.5905009563111827
4825.5 0.5885930448382751
4827.0 0.5913724714284369
4828.5 0.594707783336631
4830.0 0.5850928516916816
4831.5 0.577941716837672
4833.0 0.5874435870620048
4834.5 0.5963801501832537
4836.0 0.5944251297850891
4837.5 0.5895116688807862
4839.0 0.5957818668324901
4840.5 0.5941801633737528
4842.0 0.5845793644063805
4843.5 0.574775997060403
4845.0 0.578271479314471
4846.5 0.6016799042746639
4848.0 0.6033852473689665
4849.5 0.5827703816765124
4851.0 0.5798166520628999
4852.5 0.5957536014773359
4854.0 0.5805091532641774
4855.5 0.5857052677200223
4857.0 0.5826855856110499
4858.5 0.5864919867718138
4860.0 0.5886731300112119
4861.5 0.589780189754751
4863.0 0.5915514853444134
4864.5 0.5979535882868369
4866.0 0.5882679932540019
4867.5 0.5835947878685096
4869.0 0.5903266532877319
4870.5 0.5957441796922845
4872.0 0.5916645467650301
4873.5 0.5875754920527243
4875.0 0.5837973562471146
4876.5 0.5949998586732242
4878.0 0.6020379321066169
4879.5 0.6008884743303466
4881.0 0.6018636290831662
4882.5 0.6019013162233717
4884.0 0.5970302533518
4885.5 0.5968135522956179
4887.0 0.5981938438056474
4888.5 0.6099145444095838
4890.0 0.6053826657998624
4891.5 0.5916127269472474
4893.0 0.5899733363483046
4894.5 0.5911557703722548
4896.0 0.5980807823850307
4897.5 0.5922863845784222
4899.0 0.589888540282842
4900.5 0.5963895719683051
4902.0 0.5973647267211246
4903.5 0.5944345515701405
4905.0 0.599385699614649
4906.5 0.591151059479729
4908.0 0.5808342048484506
4909.5 0.5908307187879817
4911.0 0.5836183423311381
4912.5 0.5780029584405062
4914.0 0.579642349039449
4915.5 0.5784222278752933
4917.0 0.5737396007047495
4918.5 0.5794916004786267
4920.0 0.5767215956735163
4921.5 0.5729999905782149
4923.0 0.5808200721708735
4924.5 0.5922251429755881
4926.0 0.5670077352855272
4927.5 0.5634604332136767
4929.0 0.5717610258439564
4930.5 0.5803065848855724
4932.0 0.5786577725015781
4933.5 0.5810085078719014
4935.0 0.5734428144756306
4936.5 0.576321169808832
4938.0 0.5776967504263358
4939.5 0.5841789385416961
4941.0 0.590981467348804
4942.5 0.5861575134024892
4944.0 0.5920178637044575
4945.5 0.5842684454996844
4947.0 0.5860256084117698
4948.5 0.5974589445716385
4950.0 0.6023252965506846
4951.5 0.5993009035491864
4953.0 0.5974448118940615
4954.5 0.5943733099673064
4956.0 0.5882255952212706
4957.5 0.5980525170298765
4959.0 0.6061175650338714
4960.5 0.6010533555687461
4962.0 0.5999651393953098
4963.5 0.6038186494813308
4965.0 0.6025043104666611
4966.5 0.6043180040890547
4968.0 0.5997437274466021
4969.5 0.5884988269877611
4971.0 0.5908260078954559
4972.5 0.5858418836032675
4974.0 0.5918247171109039
4975.5 0.5843909287053525
4977.0 0.5798826045582597
4978.5 0.5858513053883189
4980.0 0.5827845143540895
4981.5 0.5816303456852936
4983.0 0.579034643903634
4984.5 0.5807776741381422
4986.0 0.5845416772661749
4987.5 0.5856722914723423
4989.0 0.5873352365339137
4990.5 0.5858748598509473
4992.0 0.5765661362201683
4993.5 0.5875330940199931
4995.0 0.5871185354777316
4996.5 0.5715867228205056
4998.0 0.5791100181840452
4999.5 0.5783986734126648
5001.0 0.5683079416226199
5002.5 0.563705399625013
5004.0 0.5618257535072595
5005.5 0.5695610390344554
5007.0 0.5651139564901967
5008.5 0.5641906215551599
5010.0 0.5685293535713276
5011.5 0.5618587297549394
5013.0 0.5588955783562753
5014.5 0.5632107559098147
5016.0 0.5655143823548809
5017.5 0.5637525085502699
5019.0 0.5664094519347636
5020.5 0.5586082139122078
5022.0 0.5642612849430453
5023.5 0.5615760762033976
5025.0 0.5497517359638957
5026.5 0.5539915392370238
5028.0 0.564407322611342
5029.5 0.5602711589737792
5031.0 0.5588343367534413
5032.5 0.5668946738649104
5034.0 0.5606810066235149
5035.5 0.5499213280948209
5037.0 0.5503735737772879
5038.5 0.5552116604011796
5040.0 0.561538389063192
5041.5 0.5605538125253211
5043.0 0.5586553228374648
5044.5 0.5529786973439988
5046.0 0.5576095046967599
5047.5 0.5603936421794473
5049.0 0.5563045874671415
5050.5 0.5690145755014745
5052.0 0.566762768874191
5053.5 0.5676719711316506
5055.0 0.5785588437585385
5056.5 0.5761562885704326
5058.0 0.5701687441702705
5059.5 0.579472756908524
5061.0 0.5792796103149703
5062.5 0.5690192863940002
5064.0 0.5761939757106381
5065.5 0.585724111290125
5067.0 0.5856346043321368
5068.5 0.5761421558928554
5070.0 0.5817858051386416
5071.5 0.5874530088470562
5073.0 0.5875519375900958
5074.5 0.593742050368863
5076.0 0.5931814541583048
5077.5 0.588984048917908
5079.0 0.5924701093869245
5080.5 0.602099173709451
5082.0 0.6028576274060884
5083.5 0.6120909767564563
5085.0 0.6107436614941066
5086.5 0.6145076646221393
5088.0 0.6189359035962954
5089.5 0.615355625276765
5091.0 0.6211594448684248
5092.5 0.6177628913573966
5094.0 0.617725204217191
5095.5 0.6197744424658697
5097.0 0.6197885751434467
5098.5 0.6234583604209654
5100.0 0.6297945108680291
5101.5 0.634910540150937
5103.0 0.6439224775525971
5104.5 0.6401302090694103
5106.0 0.6354994017166493
5107.5 0.6374921092550194
5109.0 0.6377700519140357
5110.5 0.6441486003938307
5112.0 0.635612463137266
5113.5 0.6422972196312313
5115.0 0.6431074931456514
5116.5 0.6419533244768554
5118.0 0.6519404166313351
5119.5 0.6548187719645364
5121.0 0.653749399361203
5122.5 0.6465652882595136
5124.0 0.6494483544852407
5125.5 0.6565476695214676
5127.0 0.652237202860454
5128.5 0.6511725411496462
5130.0 0.6546114926934057
5131.5 0.6544795877026861
5133.0 0.6581587947652563
5134.5 0.6624551287486928
5136.0 0.6719193118328198
5137.5 0.6672037084145963
5139.0 0.6628131565806459
5140.5 0.6804271837342303
5142.0 0.6703364519441853
5143.5 0.6749719701894721
5145.0 0.680026757869546
5146.5 0.6867492015037169
5148.0 0.6907487492580345
5149.5 0.6912057058330271
5151.0 0.6904378303513384
5152.5 0.6847612048578724
5154.0 0.6832631410347004
5155.5 0.6865890311578432
5157.0 0.6821843466463157
5158.5 0.6853783317787389
5160.0 0.6867633341812941
5161.5 0.6862686904660957
5163.0 0.684144077937006
5164.5 0.675240491063437
5166.0 0.6770730282559334
5167.5 0.685609165512498
5169.0 0.6837577847498988
5170.5 0.6868339975691795
5172.0 0.7004484769684465
5173.5 0.7004484769684465
5175.0 0.6909701612067423
5176.5 0.696368844041192
5178.0 0.7058000508776393
5179.5 0.7095357886505178
5181.0 0.7056021933915599
5182.5 0.7063559361956716
5184.0 0.7120985141844974
5185.5 0.7161640144341747
5187.0 0.7163053412099456
5188.5 0.7172946286403422
5190.0 0.7195935441928828
5191.5 0.7229053016384485
5193.0 0.7314555715725901
5194.5 0.7357801709111809
5196.0 0.7322752668720616
5197.5 0.734842703298567
5199.0 0.7242573277933237
5200.5 0.7304427296795651
5202.0 0.7385643083938683
5203.5 0.7380366884309902
5205.0 0.7354786737895361
5206.5 0.7399775761515778
5208.0 0.7485702441184507
5209.5 0.7511565241150588
5211.0 0.7562254444727099
5212.5 0.749422915665602
5214.0 0.7480756004032524
5215.5 0.7477552597115049
5217.0 0.744744999387584
5218.5 0.7500918624042511
5220.0 0.7558391512856025
5221.5 0.7475856675805799
5223.0 0.7467329960334286
5224.5 0.7592215721190536
5226.0 0.7607526121899056
5227.5 0.7585055164551475
5229.0 0.7626134147375563
5230.5 0.7659581484308017
5232.0 0.770928140045413
5233.5 0.7711495519941207
5235.0 0.7663208871552805
5236.5 0.7611954360873212
5238.0 0.7649924154630338
5239.5 0.7840008668042246
5241.0 0.7970594608854593
5242.5 0.7888766405683221
5244.0 0.7826064426166182
5245.5 0.7825593336913611
5247.0 0.7840197103743276
5248.5 0.7847169224681307
5250.0 0.784387159991332
5251.5 0.795551975277236
5253.0 0.8099861499759744
5254.5 0.8090957912886176
5256.0 0.8060525547170166
5257.5 0.8119977010844475
5259.0 0.8038619896925672
5260.5 0.7978320472596738
5262.0 0.8066932361005116
5263.5 0.8152152406794991
5265.0 0.8112816454205414
5266.5 0.8100473915788086
5268.0 0.8179569801294553
5269.5 0.8223004230381489
5271.0 0.8232567342208655
5272.5 0.8218858644958874
5274.0 0.8313971565052715
5275.5 0.8170854650122013
5277.0 0.8140516502256518
5278.5 0.8300215758877677
5280.0 0.8329517510387519
5281.5 0.8354673676474745
5283.0 0.830049841242922
5284.5 0.8319012220055211
5286.0 0.847776929817123
5287.5 0.8500852671547152
5289.0 0.8529165135626596
5290.5 0.851818875604172
5292.0 0.853425289955435
5293.5 0.8567558909711034
5295.0 0.8491901975748325
5296.5 0.8558325560360667
5298.0 0.86550872928385
5299.5 0.8683729519394744
5301.0 0.8717977708056569
5302.5 0.8630920414181672
5304.0 0.8608072585432036
5305.5 0.8722735709507524
5307.0 0.8754722669757012
5308.5 0.8674684605745405
5310.0 0.8626821937684314
5311.5 0.8620744886326165
5313.0 0.8604680742813533
5314.5 0.8614479399266985
5316.0 0.8645853943488134
5317.5 0.8630543542779615
5319.0 0.8599875632437322
5320.5 0.8684153499722058
5322.0 0.8775309270094312
5323.5 0.8717365292028227
5325.0 0.8659515531812658
5326.5 0.8658479135457003
5328.0 0.8670491911397534
5329.5 0.8651035925266402
5331.0 0.8581785805138641
5332.5 0.866507438499298
5334.0 0.8746101736434985
5335.5 0.8711806438847903
5337.0 0.861782413296023
5338.5 0.8740071794002092
5340.0 0.876145924606876
5341.5 0.8705917823190782
5343.0 0.8727635037734248
5344.5 0.8726928403855394
5346.0 0.8716988420626173
5347.5 0.878407153019211
5349.0 0.8838152576387122
5350.5 0.8775026616542769
5352.0 0.8829767187691381
5353.5 0.8799005059498574
5355.0 0.8733994742643941
5356.5 0.8771446338223239
5358.0 0.8719108322262737
5359.5 0.8724384521891518
5361.0 0.8780255707246296
5362.5 0.8739694922600035
5364.0 0.8800418327256283
5365.5 0.8724714284368316
5367.0 0.8775403487944826
5368.5 0.8889736849543515
5370.0 0.8914893015630742
5371.5 0.8862319455043953
5373.0 0.8788876640568323
5374.5 0.8832923485683598
5376.0 0.8827223305727503
5377.5 0.8823784354183744
5379.0 0.8826846434325448
5380.5 0.8868443615327359
5382.0 0.8936280467697411
5383.5 0.8941368231625164
5385.0 0.8971847706266429
5386.5 0.902145340456203
5388.0 0.9046562461723998
5389.5 0.9059423198319153
5391.0 0.906587712107936
5392.5 0.9079680036179656
5394.0 0.9152086454299632
5395.5 0.921370492853576
5397.0 0.9221430792277905
5398.5 0.9071059102857628
5400.0 0.89804215306632
5401.5 0.9039543231860709
5403.0 0.9138095103498309
5404.5 0.9134891696580834
5406.0 0.9132724686019013
5407.5 0.9233019587891121
5409.0 0.9211113937646628
5410.5 0.9227225190084514
5412.0 0.9228450022141196
5413.5 0.916881012276586
5415.0 0.9129709714802566
5416.5 0.9327520091956623
5418.0 0.939790082629055
5419.5 0.9269529004965281
5421.0 0.922854423999171
5422.5 0.9250261454535176
5424.0 0.9475771879740336
5425.5 0.945075704042888
5427.0 0.9353806872250017
5428.5 0.9387819516285556
5430.0 0.9422868556676749
5431.5 0.9605085879570744
5433.0 0.9507287750737254
5434.5 0.9552936299311269
5436.0 0.9548932040664424
5437.5 0.9468140233848706
5439.0 0.9577150286893354
5440.5 0.970947925794021
5442.0 0.9756588183197188
5443.5 0.9753478994130228
5445.0 0.9716262943177214
5446.5 0.9771757257129936
5448.0 0.9732138650988816
5449.5 0.9798279582049615
5451.0 0.9917983361127599
5452.5 0.9875161348069005
5454.0 0.9903803574625248
5455.5 1.0
5457.0 0.9953927471098675
5458.5 0.9947897528665782
5460.0 0.9999152039345375
5461.5 0.9962595513345959
5463.0 0.9864561839886186
5464.5 0.9761487511423914
5466.0 0.9814861923740071
5467.5 0.9905075515607187
5469.0 0.9900411732006745
5470.5 0.9960004522456825
5472.0 0.9933435088611888
5473.5 0.9811705625747854
5475.0 0.9851795321141544
5476.5 0.9854998728059018
5478.0 0.9787774291717309
5479.5 0.9839311455948444
5481.0 0.9900176187380461
5482.5 0.9764596700490875
5484.0 0.962213931051377
5485.5 0.9650404665667958
5487.0 0.9643197000103639
5488.5 0.9580966109839171
5490.0 0.9526131320840047
5491.5 0.9531972827571912
5493.0 0.9531360411543572
5494.5 0.9511668880786154
5496.0 0.9514966505554143
5497.5 0.9420371783638128
5499.0 0.9328226725835478
5500.5 0.9398466133393634
5502.0 0.9469082412353845
5503.5 0.9324175358263377
5505.0 0.9331571459528722
5506.5 0.9369541253285847
5508.0 0.9330864825649867
5509.5 0.9430971291820949
5511.0 0.9352864693744877
5512.5 0.9319888446064991
5514.0 0.9350132376079971
5515.5 0.9319558683588194
5517.0 0.9255066564911388
5518.5 0.9265618964168952
5520.0 0.9239379292800814
5521.5 0.927701932408114
5523.0 0.9218981128164543
5524.5 0.9187747910719165
5526.0 0.9173426797441043
5527.5 0.9196934151144276
5529.0 0.9158446159209324
5530.5 0.9096780576047938
5532.0 0.9102951845256603
5533.5 0.9110536382222977
5535.0 0.9084343819780095
5536.5 0.9041427588870987
5538.0 0.9070446686829288
5539.5 0.9131735398588616
5541.0 0.9076665064963207
5542.5 0.8881351460847772
5544.0 0.8915929411986396
5545.5 0.8971470834864373
5547.0 0.8991256583472305
5548.5 0.8964168951449543
5550.0 0.8944194767140583
5551.5 0.8870280863412382
5553.0 0.8846443747232351
5554.5 0.9100455072217983
5556.0 0.9162733071407708
5557.5 0.9063474565891254
5559.0 0.907289635094265
5560.5 0.9050896482847641
5562.0 0.9103422934509173
5563.5 0.9159859426967033
5565.0 0.9210548630543544
5566.5 0.9109170223390525
5568.0 0.9040532519291105
5569.5 0.8943252588635444
5571.0 0.8894965940247039
5572.5 0.9032947982324733
5574.0 0.9005247934273628
5575.5 0.9073744311597275
5577.0 0.9093718495906234
5578.5 0.9125375693678924
5580.0 0.8999312209691249
5581.5 0.897792475762458
5583.0 0.909315318880315
5584.5 0.9083637185901241
5586.0 0.9080104016506967
5587.5 0.9116472106805356
5589.0 0.9174368975946182
5590.5 0.9158681703835609
5592.0 0.912499882227687
5593.5 0.9081046195012108
5595.0 0.910690899497819
5596.5 0.9097110338524738
5598.0 0.9058057039486702
5599.5 0.9094330911934575
5601.0 0.9089478692633106
5602.5 0.9012832471240002
5604.0 0.896449871392634
5605.5 0.8949800729246163
5607.0 0.900614300385351
5608.5 0.9006378548479796
5610.0 0.8958610098269219
5611.5 0.8909522598151447
5613.0 0.8824632314838369
5614.5 0.882618690937185
5616.0 0.8883565580334851
5617.5 0.881403280665555
5619.0 0.8702997069824849
5620.5 0.8809463240905622
5622.0 0.8852191036113702
5623.5 0.8727682146659506
5625.0 0.8631061740957442
5626.5 0.8616081102725722
5628.0 0.8640907506336152
5629.5 0.8618295222212801
5631.0 0.8645806834562876
5632.5 0.859992274136258
5634.0 0.8587391767244222
5635.5 0.8549940171664924
5637.0 0.843881021698371
5638.5 0.8455157014047882
5640.0 0.838906319191234
5641.5 0.8433062928102358
5643.0 0.8474471673403243
5644.5 0.8266391550543166
5646.0 0.8241470929082223
5647.5 0.8245004098476497
5649.0 0.8181831029706887
5650.5 0.8196764559013351
5652.0 0.8109942809764737
5653.5 0.807418713549469
5655.0 0.8111968493550789
5656.5 0.8073763155167378
5658.0 0.7972290530163846
5659.5 0.80924653984944
5661.0 0.8065519093247406
5662.5 0.793742992547368
5664.0 0.7990710119939324
5665.5 0.7911143145180285
5667.0 0.7870017053430943
5668.5 0.7895031892742399
5670.0 0.7854753761647683
5671.5 0.7806043132931966
5673.0 0.7750454601128731
5674.5 0.7692227969511104
5676.0 0.7714934471484968
5677.5 0.7725157108265731
5679.0 0.7642669380140762
5680.5 0.7673667052959855
5682.0 0.7712060827044291
5683.5 0.7569273674590388
5685.0 0.7447497102801097
5686.5 0.7490366224784948
5688.0 0.7543034003222251
5689.5 0.7545813429812414
5691.0 0.7540160358781576
5692.5 0.7506995675400662
5694.0 0.740910332871666
5695.5 0.7435531435785824
5697.0 0.7367223494163204
5698.5 0.7407501625257922
5700.0 0.7415604360402123
5701.5 0.7358084362663351
5703.0 0.7351960202379942
5704.5 0.7353985886165993
5706.0 0.7355917352101529
5707.5 0.7299339532867898
5709.0 0.726217059084014
5710.5 0.7307018287684784
5712.0 0.7351865984529429
5713.5 0.7355681807475245
5715.0 0.732096252956085
5716.5 0.7400388177544117
5718.0 0.7329489245032365
5719.5 0.7228629036057171
5721.0 0.7216474933340871
5722.5 0.731987902427994
5724.0 0.7319078172550572
5725.5 0.7350829588173775
5727.0 0.7294911293893742
5728.5 0.72494040720955
5730.0 0.7282050557298586
5731.5 0.7325061006058209
5733.0 0.7345506279619737
5734.5 0.7414897726523267
5736.0 0.7446837577847499
5737.5 0.7407642952033693
5739.0 0.7351677548828401
5740.5 0.7284123350009893
5742.0 0.7411223230353223
5743.5 0.7419325965497423
5745.0 0.7365103592526641
5746.5 0.7428841968399333
5748.0 0.7438357971301243
5749.5 0.7460310730470995
5751.0 0.7505535298717695
5752.5 0.7513496707086125
5754.0 0.7457484194955576
5755.5 0.7500306208014171
5757.0 0.7547179588644866
5758.5 0.7538323110696552
5760.0 0.7566352921224455
5761.5 0.752386067064266
5763.0 0.7537239605415642
5764.5 0.7468696119166738
5766.0 0.7393086294129286
5767.5 0.7484477609127826
5769.0 0.753540235733062
5770.5 0.7511565241150588
5772.0 0.7578695459641783
5773.5 0.7603333427551184
5775.0 0.7517029876480398
5776.5 0.7473736774169235
5778.0 0.7567719080056907
5779.5 0.7557826205752941
5781.0 0.7598010118997145
5782.5 0.7596314197687895
5784.0 0.7623166285084372
5785.5 0.7629902861396121
5787.0 0.7650442352808162
5788.5 0.7779191045535488
5790.0 0.7772784231700539
5791.5 0.7699435635075422
5793.0 0.7733730932662501
5794.5 0.7812355728916401
5796.0 0.7824132960230645
5797.5 0.7813910323449881
5799.0 0.7887871336103338
5800.5 0.7870158380206713
5802.0 0.7823379217426534
5803.5 0.7825028029810527
5805.0 0.7843306292810236
5806.5 0.7972102094462816
5808.0 0.8038243025523615
5809.5 0.8021660683833158
5811.0 0.7932719032947981
5812.5 0.7895738526621254
5814.0 0.7962774527261934
5815.5 0.8023450822992925
5817.0 0.8064953786144324
5818.5 0.8097977142749466
5820.0 0.8033013934820091
5821.5 0.8052893901278537
5823.0 0.8112298256027588
5824.5 0.8102923579901448
5826.0 0.808106503858221
5827.5 0.8034474311503057
5829.0 0.8024628546124348
5830.5 0.809058104148412
5832.0 0.8096610983917014
5833.5 0.8037819045196304
5835.0 0.7986470316666195
5836.5 0.810914195803537
5838.0 0.8108388215231258
5839.5 0.8101840074620538
5841.0 0.8101887183545795
5842.5 0.8080405513628612
5844.0 0.8071172164278244
5845.5 0.8053270772680592
5847.0 0.7957545436558411
5848.5 0.7977095640540056
5850.0 0.8062362795255189
5851.5 0.7955943733099674
5853.0 0.7906055381252531
5854.5 0.8033343697296891
5856.0 0.8054731149363558
5857.5 0.7912744848639024
5859.0 0.7972950055117441
5860.5 0.804907807833272
5862.0 0.7984491741805404
5863.5 0.7918445028595119
5865.0 0.7931447091966045
5866.5 0.7983502454375005
5868.0 0.7964705993197472
5869.5 0.7997917785503641
5871.0 0.7999755033588665
5872.5 0.8000131904990719
5874.0 0.7922119524765163
5875.5 0.778055720436794
5877.0 0.7800814042228441
5878.5 0.7887258920074998
5880.0 0.7928008140422285
5881.5 0.7880098363435937
5883.0 0.7779332372311258
5884.5 0.772176526564723
5886.0 0.7733401170185704
5887.5 0.7652420927668956
5889.0 0.7491355512215345
5890.5 0.7419514401198452
5892.0 0.7435201673309025
5893.5 0.7504263357735758
5895.0 0.7588541225020492
5896.5 0.7610258439563959
5898.0 0.7605971527365574
5899.5 0.7653268888323581
5901.0 0.7736934339579977
5902.5 0.7685491393199355
5904.0 0.7646155440609778
5905.5 0.7697127297737829
5907.0 0.7650536570658678
5908.5 0.765925172183122
5910.0 0.7709658271856187
5911.5 0.7712720351997889
5913.0 0.7790026098344593
5914.5 0.7822908128173964
5916.0 0.7729773782940916
5917.5 0.7722283463825056
5919.0 0.7623543156486429
5920.5 0.7692369296286875
5922.0 0.7822908128173964
5923.5 0.7695337158578065
5925.0 0.7557967532528713
5926.5 0.7660570771738413
5928.0 0.7668013981929017
5929.5 0.7679414341841206
5931.0 0.7711354193165437
5932.5 0.7676399370624759
5934.0 0.763941886429803
5935.5 0.7640313933877912
5937.0 0.7654917700707577
5938.5 0.7660712098514185
5940.0 0.7689165889369399
5941.5 0.7665799862441939
5943.0 0.7640266824952655
5944.5 0.761821984793239
5946.0 0.7588918096422549
5947.5 0.7568708367487305
5949.0 0.7526592988307566
5950.5 0.7562631316129154
5952.0 0.7572948170760432
5953.5 0.7608892280731508
5955.0 0.7655106136408605
5956.5 0.7577988825762928
5958.0 0.7508832923485683
5959.5 0.7483017232444859
5961.0 0.7461064473275106
5962.5 0.7494417592357048
5964.0 0.7516653005078342
5965.5 0.7488387649924154
5967.0 0.7422105392087586
5968.5 0.7392285442399917
5970.0 0.7401518791750284
5971.5 0.7425826997182886
5973.0 0.7417158954935602
5974.5 0.7484194955576284
5976.0 0.7314932587127957
5977.5 0.7287892064030451
5979.0 0.7309373733947634
5980.5 0.7360015828598887
5982.0 0.7420550797554104
5983.5 0.7401189029273487
5985.0 0.7352289964856742
5986.5 0.7350782479248519
5988.0 0.7350546934622234
5989.5 0.738055532001093
5991.0 0.7298067591885958
5992.5 0.7300470147074065
5994.0 0.7384088489405203
5995.5 0.7391107719268493
5997.0 0.7452160886401539
5998.5 0.7370709554632221
6000.0 0.7341926001300207
6001.5 0.7330290096761732
6003.0 0.7293168263659233
6004.5 0.7370285574304909
6006.0 0.7385831519639712
6007.5 0.7287750737254681
6009.0 0.727573796131415
6010.5 0.7346401349199619
6012.0 0.729773782940916
6013.5 0.7273052752574504
6015.0 0.7276962793370833
6016.5 0.7222080895446452
6018.0 0.7173558702431764
6019.5 0.7216898913668184
6021.0 0.725439761817274
6022.5 0.7175207514815757
6024.0 0.7141854395733815
6025.5 0.7181425892949679
6027.0 0.7152501012841893
6028.5 0.7107511989221479
6030.0 0.7075383702196218
6031.5 0.7133280571337045
6033.0 0.7157164796442335
6034.5 0.7155233330506798
6036.0 0.7187691380008857
6037.5 0.7195888333003572
6039.0 0.7151511725411497
6040.5 0.7124000113061422
6042.0 0.7114860981561567
6043.5 0.7164843551259221
6045.0 0.714958025947596
6046.5 0.7134364076617956
6048.0 0.7119100784834695
6049.5 0.7111798901419863
6051.0 0.7189905499495934
6052.5 0.708221449635848
6054.0 0.711245842637346
6055.5 0.7159473133779926
6057.0 0.7120608270442919
6058.5 0.7108831039128674
6060.0 0.7076796969953928
6061.5 0.7107700424922506
6063.0 0.7154149825225888
6064.5 0.7146659506110028
6066.0 0.7118771022357896
6067.5 0.7207524237542045
6069.0 0.7242055079755411
6070.5 0.7244693179569802
6072.0 0.727559663453838
6073.5 0.73479559437331
6075.0 0.7301694979130746
6076.5 0.7153772953823833
6078.0 0.7255575341304163
6079.5 0.7321951816991248
6081.0 0.7299056879316356
6082.5 0.7249592507796527
6084.0 0.7364208522946758
6085.5 0.7431244523587439
6087.0 0.7354833846820619
6088.5 0.7415934122878921
6090.0 0.7405287505770843
6091.5 0.7351583330977887
6093.0 0.7339193683635302
6094.5 0.7333587721529721
6096.0 0.7338015960503877
6097.5 0.7331043839565844
6099.0 0.7352761054109312
6100.5 0.7386396826742795
6102.0 0.7422906243816954
6103.5 0.7412542280260418
6105.0 0.7314367280024874
6106.5 0.7299056879316356
6108.0 0.7373159218745584
6109.5 0.7406606555678039
6111.0 0.7399398890113722
6112.5 0.7342491308403291
6114.0 0.7319360826102114
6115.5 0.7332221562697269
6117.0 0.7300564364924579
6118.5 0.7266693047664811
6120.0 0.7291472342349982
6121.5 0.7300658582775094
6123.0 0.7371981495614159
6124.5 0.7404298218340447
6126.0 0.7403827129087878
6127.5 0.7378341200523851
6129.0 0.731366064614602
6130.5 0.7342067328075977
6132.0 0.728478287496349
6133.5 0.7243751001064662
6135.0 0.7333964592931776
6136.5 0.7302307395159087
6138.0 0.7266693047664811
6139.5 0.7371227752810048
6141.0 0.7434259494803886
6142.5 0.73806966467867
6144.0 0.7364726721124585
6145.5 0.7290671490620614
6147.0 0.7318842627924287
6148.5 0.7418336678067027
6150.0 0.73931805119798
6151.5 0.727512554528581
6153.0 0.7253219895041314
6154.5 0.7290011965667016
6156.0 0.7310221694602259
6157.5 0.7330855403864817
6159.0 0.7316487181661439
6160.5 0.7288033390806222
6162.0 0.7335519187465258
6163.5 0.7397326097402415
6165.0 0.7352855271959826
6166.5 0.7342868179805346
6168.0 0.7315545003156299
6169.5 0.731771201371812
6171.0 0.7333776157230749
6172.5 0.7349934518593894
6174.0 0.7261699501587571
6175.5 0.7229524105637054
6177.0 0.7287562301553653
6178.5 0.7197961125714879
6180.0 0.7121079359695488
6181.5 0.7102942423471551
6183.0 0.705804761770165
6184.5 0.7101434937863328
6186.0 0.708706671565995
6187.5 0.7009996513939531
6189.0 0.7023045686235714
6190.5 0.7030206242874775
6192.0 0.6987855319068751
6193.5 0.690569735342058
6195.0 0.6874040155647889
6196.5 0.6880164315931296
6198.0 0.6872579778964922
6199.5 0.6945268850636442
6201.0 0.6920254011324986
6202.5 0.693297342114437
6204.0 0.692487068600017
6205.5 0.6822644318192524
6207.0 0.6724516426882238
6208.5 0.6830888380112496
6210.0 0.6713116066970048
6211.5 0.674100455072218
6213.0 0.6751886712456542
6214.5 0.6628367110432742
6216.0 0.6596003278781198
6217.5 0.6509841054486183
6219.0 0.6484213799146387
6220.5 0.6528166426411148
6222.0 0.6603446488971801
6223.5 0.649990107125696
6225.0 0.6477854094236695
6226.5 0.6554123444227743
6228.0 0.6572778578629507
6229.5 0.6518650423509239
6231.0 0.6535562527676494
6232.5 0.6465935536146679
6234.0 0.6458162563479277
6235.5 0.6468008328857986
6237.0 0.6416282728925823
6238.5 0.6392681157372077
6240.0 0.6349812035388225
6241.5 0.6447610164221714
6243.0 0.6486804790035521
6244.5 0.6432488199214224
6246.0 0.6387122304191752
6247.5 0.6398946644431254
6249.0 0.6440261171881625
6250.5 0.6438282597020832
6252.0 0.6410818093596012
6253.5 0.640290379415284
6255.0 0.6451849967494842
6256.5 0.6474509360543449
6258.0 0.6456325315394255
6259.5 0.649787538747091
6261.0 0.6445725807211434
6262.5 0.6382270084890284
6264.0 0.6408603974108935
6265.5 0.637920800474858
6267.0 0.6379302222599094
6268.5 0.6475875519375901
6270.0 0.6554830078106598
6271.5 0.6536881577583689
6273.0 0.6495190178731263
6274.5 0.6438753686273402
6276.0 0.6293987958958704
6277.5 0.6311324043453272
6279.0 0.6366064614601883
6280.5 0.642443257299528
6282.0 0.6485108868726269
6283.5 0.6516671848648445
6285.0 0.6407002270650198
6286.5 0.6432865070616279
6288.0 0.6505648360138312
6289.5 0.6437104873889408
6291.0 0.6561755090119374
6292.5 0.658413182961644
6294.0 0.652439771239059
6295.5 0.6605377954907337
6297.0 0.6613245145425253
6298.5 0.6509322856308357
6300.0 0.6419580353693811
6301.5 0.6526800267578695
6303.0 0.6666902211292952
6304.5 0.6618709780755062
6306.0 0.6590632861301903
6307.5 0.6604671321028482
6309.0 0.6599159576773416
6310.5 0.6589784900647278
6312.0 0.6618097364726722
6313.5 0.6695968418176508
6315.0 0.6701904142758888
6316.5 0.6680092710364905
6318.0 0.6657433317316299
6319.5 0.6598971141072387
6321.0 0.6587005474057115
6322.5 0.6702846321264028
6324.0 0.6778974344479306
6325.5 0.6681270433496331
6327.0 0.6663698804375477
6328.5 0.6673497460828929
6330.0 0.6625163703515268
6331.5 0.6667043538068723
6333.0 0.6648482621517473
6334.5 0.6632889567257413
6336.0 0.6804507381968589
6337.5 0.6815059781226152
6339.0 0.6803047005285622
6340.5 0.6801963500004712
6342.0 0.6752122257082828
6343.5 0.6763004418817189
6345.0 0.6893025052526451
6346.5 0.7009478315761705
6348.0 0.7005050076787548
6349.5 0.6949226000358029
6351.0 0.6942065443718968
6352.5 0.7050180427183734
6354.0 0.7014613188614716
6355.5 0.6905980006972121
6357.0 0.6876678255462281
6358.5 0.6841958977547886
6360.0 0.6982013812336886
6361.5 0.7052818526998125
6363.0 0.6856609853302807
6364.5 0.6842430066800456
6366.0 0.7001940887720588
6367.5 0.6908947869263311
6369.0 0.6951345901994592
6370.5 0.6983756842571394
6372.0 0.6895427607714558
6373.5 0.7062240312049521
6375.0 0.7105910285762741
6376.5 0.705291274484864
6378.0 0.7005050076787548
6379.5 0.7076467207477128
6381.0 0.7111846010345121
6382.5 0.7134175640916929
6384.0 0.7105533414360685
6385.5 0.7136059997927208
6387.0 0.7162252560370088
6388.5 0.7154620914478458
6390.0 0.7194946154498432
6391.5 0.723955830671679
6393.0 0.722632069871958
6394.5 0.7244269199242489
6396.0 0.7308572882218266
6397.5 0.7306971178759528
6399.0 0.7242950149335293
6400.5 0.7217935310023837
6402.0 0.72861961427212
6403.5 0.7295146838520026
6405.0 0.7251241320180521
6406.5 0.7233104383956585
6408.0 0.7316675617362466
6409.5 0.72986800079143
6411.0 0.7338298614055419
6412.5 0.7290435945994328
6414.0 0.7245258486672885
6415.5 0.7256517519809303
6417.0 0.7360062937524143
6418.5 0.7346825329526933
6420.0 0.7323789065076269
6421.5 0.7314885478202701
6423.0 0.7428041116669964
6424.5 0.7408255368062033
6426.0 0.7354221430792278
6427.5 0.7384748014358801
6429.0 0.7393934254783912
6430.5 0.7400670831095659
6432.0 0.7413861330167614
6433.5 0.7427994007744707
6435.0 0.7463231483836927
6436.5 0.7363266344441618
6438.0 0.742078634218039
6439.5 0.743341153414926
6441.0 0.7473407011692436
6442.5 0.7471240001130615
6444.0 0.7483582539547943
6445.5 0.7406088357500212
6447.0 0.7337686198027079
6448.5 0.7416310994280977
6450.0 0.7441608487143975
6451.5 0.7412353844559391
6453.0 0.7442079576396544
6454.5 0.746243063210756
6456.0 0.7491496838991115
6457.5 0.7495312661936931
6459.0 0.741734739063663
6460.5 0.7382345459170695
6462.0 0.7467895267437369
6463.5 0.7506807239699634
6465.0 0.7441325833592433
6466.5 0.7460075185844711
6468.0 0.7478824538096989
6469.5 0.739972865259052
6471.0 0.7366328424583322
6472.5 0.7403026277358509
6474.0 0.7463325701687442
6475.5 0.7443021754901684
6477.0 0.7392756531652487
6478.5 0.7442974645976427
6480.0 0.74711457832801
6481.5 0.7382345459170695
6483.0 0.7404816416518274
6484.5 0.7438781951628556
6486.0 0.7411176121427966
6487.5 0.7345600497470252
6489.0 0.7407925605585234
6490.5 0.7443492844154254
6492.0 0.7408538021613575
6493.5 0.7398126949131782
6495.0 0.748504291623091
6496.5 0.7524849958073057
6498.0 0.7493192760300367
6499.5 0.7495453988712701
6501.0 0.7456306471824152
6502.5 0.7501719475771881
6504.0 0.7504310466661014
6505.5 0.7497479672498752
6507.0 0.7590943780208599
6508.5 0.7636168348455298
6510.0 0.7524991284848828
6511.5 0.7522258967183924
6513.0 0.7579778964922694
6514.5 0.7544871251307272
6516.0 0.7533423782469827
6517.5 0.7511047042972763
6519.0 0.750219056502445
6520.5 0.7455788273646325
6522.0 0.7433835514476572
6523.5 0.748970669983135
6525.0 0.7522400293959693
6526.5 0.7515663717647946
6528.0 0.7497526781424009
6529.5 0.7471192892205358
6531.0 0.7505676625493467
6532.5 0.7546001865513441
6534.0 0.754444727097996
6535.5 0.7557025354023573
6537.0 0.7607808775450597
6538.5 0.7625380404571449
6540.0 0.7599941584932681
6541.5 0.7542515805044424
6543.0 0.7503792268483187
6544.5 0.7513920687413438
6546.0 0.7466058019352346
6547.5 0.744900458840932
6549.0 0.7465304276548235
6550.5 0.7528524454243101
6552.0 0.7542327369343397
6553.5 0.7454092352337074
6555.0 0.7466905980006973
6556.5 0.7533800653871883
6558.0 0.7495689533338987
6559.5 0.7480379132630468
6561.0 0.7493428304926651
6562.5 0.7496820147545155
6564.0 0.7484053628800512
6565.5 0.7414379528345441
6567.0 0.7399917088291548
6568.5 0.7460828928648823
6570.0 0.736402008724573
6571.5 0.7417771370963944
6573.0 0.7520939917276728
6574.5 0.7454186570187588
6576.0 0.7448250845605209
6577.5 0.7467188633558514
6579.0 0.7474019427720776
6580.5 0.7570357179871299
6582.0 0.7481651073612408
6583.5 0.7299009770391098
6585.0 0.734484675466614
6586.5 0.7402036989928112
6588.0 0.7405947030724441
6589.5 0.7336696910596682
6591.0 0.7348144379434128
6592.5 0.7465257167622978
6594.0 0.7415274597925323
6595.5 0.7378718071925907
6597.0 0.7446837577847499
6598.5 0.7462807503509615
6600.0 0.7398315384832811
6601.5 0.7356294223503586
6603.0 0.736199440345968
6604.5 0.735888521439272
6606.0 0.7323836174001527
6607.5 0.7316251637035153
6609.0 0.7349698973967608
6610.5 0.7322187361617533
6612.0 0.7358272798364378
6613.5 0.7354786737895361
6615.0 0.732096252956085
6616.5 0.734296239765586
6618.0 0.7355022282521647
6619.5 0.7279271130708425
6621.0 0.730320246473897
6622.5 0.7266504611963782
6624.0 0.7264196274626191
6625.5 0.729929242394264
6627.0 0.7207430019691531
6628.5 0.7213601288900195
6630.0 0.7179353100238371
6631.5 0.726311276934528
6633.0 0.7197395818611795
6634.5 0.7170920602617372
6636.0 0.715268944854292
6637.5 0.7082402932059508
6639.0 0.7103601948425149
6640.5 0.7139593167321481
6642.0 0.7068223145557158
6643.5 0.708970481547434
6645.0 0.7057576528449081
6646.5 0.7057764964150108
6648.0 0.7095593431131462
6649.5 0.7137708810311202
6651.0 0.7078681326964207
6652.5 0.6999161461130426
6654.0 0.6955350160641436
6655.5 0.7019418298990927
6657.0 0.6968446441862876
6658.5 0.6914129851041578
6660.0 0.6918510981090478
6661.5 0.6925859973430567
6663.0 0.6951581446620877
6664.5 0.6916532406229685
6666.0 0.6858211556761544
6667.5 0.6866172965129974
6669.0 0.6877431998266392
6670.5 0.6822926971744067
6672.0 0.685953060666874
6673.5 0.688558184233585
6675.0 0.6872768214665951
6676.5 0.6874746789526743
6678.0 0.6873333521769034
6679.5 0.6859954586996052
6681.0 0.6835081074460367
6682.5 0.677016497545625
6684.0 0.6751509841054486
6685.5 0.6758434853067262
6687.0 0.6746798948528788
6688.5 0.6704024044395451
6690.0 0.670576707462996
6691.5 0.6703411628367111
6693.0 0.6683720097609693
6694.5 0.6725647041088405
6696.0 0.6728002487351255
6697.5 0.6617296512997353
6699.0 0.6627472040852861
6700.5 0.6770541846858306
6702.0 0.6734267974410432
6703.5 0.6654465455025109
6705.0 0.664245267908458
6706.5 0.6677972808728342
6708.0 0.673648209389751
6709.5 0.6813882058094727
6711.0 0.6682448156627755
6712.5 0.6603634924672829
6714.0 0.6703694281918653
6715.5 0.667425120363304
6717.0 0.6690550891771955
6718.5 0.6701150399954776
6720.0 0.6712456542016451
6721.5 0.6644855234272685
6723.0 0.6565194041663134
6724.5 0.6611172352713945
6726.0 0.6631240754873419
6727.5 0.664165182735521
6729.0 0.6634632597491922
6730.5 0.6580598660222166
6732.0 0.6562650159699257
6733.5 0.6559635188482811
6735.0 0.661235007584537
6736.5 0.6642499788009837
6738.0 0.6579656481717027
6739.5 0.655153245333861
6741.0 0.6535703854452265
6742.5 0.6571365310871797
6744.0 0.6588136088263282
6745.5 0.6553982117451973
6747.0 0.650786247962539
6748.5 0.6501031685463128
6750.0 0.6505035944109971
6751.5 0.6482046788584566
6753.0 0.6482329442136108
6754.5 0.6477759876386181
6756.0 0.6471918369654315
6757.5 0.6502963151398664
6759.0 0.654390080744698
6760.5 0.650597812261511
6762.0 0.6427683088838011
6763.5 0.6461601515023037
6765.0 0.6481811243958281
6766.5 0.6434184120523474
6768.0 0.6373743369418771
6769.5 0.6425704513977218
6771.0 0.640445838868632
6772.5 0.6372235883810548
6774.0 0.6389760404006144
6775.5 0.6305105665319352
6777.0 0.6285131481010392
6778.5 0.6332899931220969
6780.0 0.6294883028538587
6781.5 0.6215174727003778
6783.0 0.6191102066197461
6784.5 0.6159774630901571
6786.0 0.6159821739826827
6787.5 0.6171787406842101
6789.0 0.6124348719108322
6790.5 0.6084023479088349
6792.0 0.6023205856581588
6793.5 0.6050434815380122
6795.0 0.6059621055805233
6796.5 0.5964602353561906
6798.0 0.5976615129502436
6799.5 0.5990559371378502
6801.0 0.6076486051047232
6802.5 0.6074695911887467
6804.0 0.5972186890528279
6805.5 0.5887909023243544
6807.0 0.5894598490630035
6808.5 0.5949527497479673
6810.0 0.5958572411129013
6811.5 0.6009167396855009
6813.0 0.6011381516342087
6814.5 0.5979488773943111
6816.0 0.5937985810791713
6817.5 0.5883763437820929
6819.0 0.5898932511753677
6820.5 0.5929977293498027
6822.0 0.5976992000904492
6823.5 0.5925125074196558
6825.0 0.587829880249112
6826.5 0.590138217586704
6828.0 0.5915561962369391
6829.5 0.5836371859012408
6831.0 0.5765944015753225
6832.5 0.5823840884894053
6834.0 0.5864119015988769
6835.5 0.586722820505573
6837.0 0.5901476393717554
6838.5 0.5935771691304634
6840.0 0.5906375721944279
6841.5 0.5870290285197434
6843.0 0.5941283435559701
6844.5 0.6028623382986141
6846.0 0.5914761110640022
6847.5 0.5775083147253078
6849.0 0.5795905292216663
6850.5 0.5874341652769534
6852.0 0.5893185222872326
6853.5 0.5837832235695375
6855.0 0.5906375721944279
6856.5 0.5932803829013445
6858.0 0.5891489301563074
6859.5 0.573108341106306
6861.0 0.57235930919472
6862.5 0.5788273646325033
6864.0 0.5789121606979659
6865.5 0.5781913941415341
6867.0 0.5711721642782441
6868.5 0.5659996042850278
6870.0 0.5692454092352337
6871.5 0.5714925049699916
6873.0 0.5805138641567031
6874.5 0.5843296871025184
6876.0 0.5786059526837954
6877.5 0.5839292612378342
6879.0 0.5779605604077749
6880.5 0.5682985198375684
6882.0 0.5743755711957188
6883.5 0.5883009695016818
6885.0 0.5972375326229308
6886.5 0.6016516389195097
6888.0 0.6015715537465729
6889.5 0.5957583123698617
6891.0 0.5969266137162347
6892.5 0.5966533819497443
6894.0 0.5870290285197434
6895.5 0.5834770155553671
6897.0 0.5971998454827252
6898.5 0.6015008903586874
6900.0 0.6004126741852511
6901.5 0.6066404741042238
6903.0 0.6130096007989674
6904.5 0.6058537550524322
6906.0 0.588329234856836
6907.5 0.5888851201748684
6909.0 0.5925313509897585
6910.5 0.5909579128861754
6912.0 0.608680290567851
6913.5 0.6115445132234754
6915.0 0.605919707547792
6916.5 0.6038327821589079
6918.0 0.6074271931560153
6919.5 0.6127457908175283
6921.0 0.6058537550524322
6922.5 0.5909437802085984
6924.0 0.5976992000904492
6925.5 0.5994610738950602
6927.0 0.5975625842072039
6928.5 0.5980148298896709
6930.0 0.5989004776845022
6931.5 0.6058914421926378
6933.0 0.6017929656952806
6934.5 0.5928469807889803
6936.0 0.5900392888436643
6937.5 0.595612274701565
6939.0 0.5995317372829456
6940.5 0.5888992528524455
6942.0 0.5813476921337517
6943.5 0.5818470467414757
6945.0 0.598872212329348
6946.5 0.598137313095339
6948.0 0.5903030988251035
6949.5 0.5955840093464108
6951.0 0.5974306792164844
6952.5 0.602848205621037
6954.0 0.6021886806674392
6955.5 0.5916786794426072
6957.0 0.5855498082666742
6958.5 0.5912970971480257
6960.0 0.6012465021622997
6961.5 0.6024713342189811
6963.0 0.598137313095339
6964.5 0.5983304596888926
6966.0 0.5954379716781142
6967.5 0.5913771823209626
6969.0 0.602753987770523
6970.5 0.6059432620104205
6972.0 0.5968983483610806
6973.5 0.596874793898452
6975.0 0.5965261878515503
6976.5 0.5958478193278499
6978.0 0.598777994478834
6979.5 0.6027586986630488
6981.0 0.5960127005662493
6982.5 0.5901617720493325
6984.0 0.5926679668730038
6985.5 0.5969643008564403
6987.0 0.5855545191592
6988.5 0.5833592432422247
6990.0 0.591791740863224
6991.5 0.5863695035661457
6993.0 0.5887390825065717
6994.5 0.5853095527478637
6996.0 0.5816350565778192
6997.5 0.5852012022197726
6999.0 0.580033353119082
7000.5 0.5794633351234725
7002.0 0.5873116820712853
7003.5 0.587782771323855
7005.0 0.5826620311484214
7006.5 0.5759866964395074
7008.0 0.5774612058000509
7009.5 0.5846830040419458
7011.0 0.5755438725420918
7012.5 0.5755014745093606
7014.0 0.5777155939964386
7015.5 0.5791005963989938
7017.0 0.5760385162572901
7018.5 0.5724770815078625
7020.0 0.5695893043896096
7021.5 0.573047099503472
7023.0 0.5818517576340013
7024.5 0.58430613263989
7026.0 0.5813618248113288
7027.5 0.5757558627057483
7029.0 0.5756899102103885
7030.5 0.5784834694781273
7032.0 0.5807870959231937
7033.5 0.5760997578601242
7035.0 0.574559296004221
7036.5 0.5815031515870998
7038.0 0.5801511254322244
7039.5 0.5667156599489339
7041.0 0.5641859106626341
7042.5 0.5674505591829428
7044.0 0.5682419891272601
7045.5 0.5687413437349841
7047.0 0.5662398598038385
7048.5 0.5621413833064812
7050.0 0.5577366987949537
7051.5 0.5587495406879788
7053.0 0.5647229524105637
7054.5 0.571049681072576
7056.0 0.5633897698257913
7057.5 0.5600827232727512
7059.0 0.5672668343744406
7060.5 0.56949037564657
7062.0 0.559135833875086
7063.5 0.5658676992943084
7065.0 0.5596634538379641
7066.5 0.5583255603606659
7068.0 0.5585045742766425
7069.5 0.5621178288438528
7071.0 0.5608176225067601
7072.5 0.562146094199007
7074.0 0.5644732751067018
7075.5 0.5609542383900054
7077.0 0.5473067827430586
7078.5 0.5611191196284048
7080.0 0.5632295994799175
7081.5 0.5613358206845869
7083.0 0.5613452424696384
7084.5 0.5672950997295948
7086.0 0.5651280891677738
7087.5 0.5717468931663793
7089.0 0.559790647936158
7090.5 0.5555225793078756
7092.0 0.5679781791458209
7093.5 0.5764813401547058
7095.0 0.5753177497008584
7096.5 0.5699661757916655
7098.0 0.5701122134599621
7099.5 0.570050971857128
7101.0 0.5604124857495502
7102.5 0.5565401320934265
7104.0 0.5548300781065981
7105.5 0.56004032524002
7107.0 0.5600073489923401
7108.5 0.552601825941943
7110.0 0.5519140356331911
7111.5 0.5599602400670831
7113.0 0.5645345167095358
7114.5 0.5626266052366281
7116.0 0.5613452424696384
7117.5 0.5610249017778909
7119.0 0.5577885186127364
7120.5 0.561802199044631
7122.0 0.5692124329875539
7123.5 0.5711815860632956
7125.0 0.5640540056719147
7126.5 0.5718552436944704
7128.0 0.5674458482904171
7129.5 0.5619482367129276
7131.0 0.5650291604247341
7132.5 0.5624334586430746
7134.0 0.5584056455336028
7135.5 0.5695940152821354
7137.0 0.5693113617305935
7138.5 0.5579298453885073
7140.0 0.551103762118771
7141.5 0.5492806467113259
7143.0 0.5622638665121494
7144.5 0.5620942743812243
7146.0 0.5522814852501955
7147.5 0.5523615704231324
7149.0 0.5616844267314886
7150.5 0.5612840008668043
7152.0 0.559979083637186
7153.5 0.5582219207251006
7155.0 0.5542176620782574
7156.5 0.5542600601109886
7158.0 0.5546322206205188
7159.5 0.5603229787915619
7161.0 0.5576471918369654
7162.5 0.5568934490328538
7164.0 0.5643743463636621
7165.5 0.5624475913206516
7167.0 0.5477119195002685
7168.5 0.5448288532745414
7170.0 0.543712371745951
7171.5 0.5437406371011052
7173.0 0.5423650564836014
7174.5 0.5433590548065237
7176.0 0.5443530531294459
7177.5 0.5453470514523682
7179.0 0.5463410497752904
7180.5 0.5463410497752904
7182.0 0.5498365320293583
7183.5 0.5484091315940718
7185.0 0.5398541507674044
7186.5 0.5390109010053045
7188.0 0.5432883914186382
7189.5 0.5511414492589766
7191.0 0.5559559814202399
7192.5 0.5572938748975381
7194.0 0.5520836277641162
7195.5 0.553364990531106
7197.0 0.5588202040758642
7198.5 0.5529080339561133
7200.0 0.5437783242413108
7201.5 0.5484939276595344
7203.0 0.545210435569123
7204.5 0.5462515428173021
7206.0 0.5496480963283303
7207.5 0.5449230711250553
7209.0 0.5574257798882577
7210.5 0.5612934226518557
7212.0 0.5546793295457758
7213.5 0.5578309166454677
7215.0 0.5698436925859973
7216.5 0.5596917191931183
7218.0 0.541013030328726
7219.5 0.5418657018758775
7221.0 0.5500343895154376
7222.5 0.5599319747119289
7224.0 0.5588202040758642
7225.5 0.5507268907167152
7227.0 0.540452434118168
7228.5 0.5438160113815164
7230.0 0.5491157654729265
7231.5 0.5432836805261125
7233.0 0.5368768666911633
7234.5 0.5451680375363916
7236.0 0.5484515296268031
7237.5 0.546223277462148
7239.0 0.5445179343678453
7240.5 0.5432789696335868
7242.0 0.5330940199930279
7243.5 0.5281852699812507
7245.0 0.5378237560888286
7246.5 0.5385774988929403
7248.0 0.5283595730047015
7249.5 0.5223720286045395
7251.0 0.5265600120598849
7252.5 0.5340974401010016
7254.0 0.5387470910238654
7255.5 0.547174877752339
7257.0 0.5522202436473614
7258.5 0.5481453216126327
7260.0 0.5516219602965978
7261.5 0.5618445970773623
7263.0 0.5554424941349388
7264.5 0.5323025900487106
7266.0 0.528538586920678
7267.5 0.5408198837351724
7269.0 0.5407633530248641
7270.5 0.5220705314828947
7272.0 0.5184384333455817
7273.5 0.5230032882029829
7275.0 0.5220611096978434
7276.5 0.5208456994262133
7278.0 0.5091768186400596
7279.5 0.5092286384578423
7281.0 0.5285008997804724
7282.5 0.5377106946682119
7284.0 0.5408952580155837
7285.5 0.5460631071162743
7287.0 0.5177365103592527
7288.5 0.5005653071030838
7290.0 0.5033777099409255
7291.5 0.5081215787143032
7293.0 0.5135108397637016
7294.5 0.5149853491242451
7296.0 0.5177035341115728
7297.5 0.513769938852615
7299.0 0.5046260964602354
7300.5 0.5054175264045526
7302.0 0.5162761336762863
7303.5 0.5081969529947143
7305.0 0.49610880277377356
7306.5 0.4976728190923052
7308.0 0.496132357236402
7309.5 0.4931173860199553
7311.0 0.49698502878355333
7312.5 0.4992839443360939
7314.0 0.4996655266306755
7315.5 0.5045271677171957
7317.0 0.5062654870591783
7318.5 0.4933293761836117
7320.0 0.4815238795142128
7321.5 0.4838463495293818
7323.0 0.48386990399201035
7324.5 0.4780001319049907
7326.0 0.4874219169563866
7327.5 0.5008950695798826
7329.0 0.48917436897594624
7330.5 0.4801388771116576
7332.0 0.4769401810867087
7333.5 0.47411364557128993
7335.0 0.4736190018560916
7336.5 0.47237532622930745
7338.0 0.4770391098297484
7339.5 0.475983869903992
7341.0 0.4737885939870168
7342.5 0.4833328622440808
7344.0 0.4781555913583388
7345.5 0.4586209333220272
7347.0 0.45228525396421604
7348.5 0.46001629968813895
7350.0 0.45314828947492397
7351.5 0.455423650564836
7353.0 0.4554990248452472
7354.5 0.4645378143343038
7356.0 0.46095141185449
7357.5 0.4481147008112157
7359.0 0.441575981985547
7360.5 0.4521514646164863
7362.0 0.45090402027568144
7363.5 0.44489527685915375
7365.0 0.4441660306961757
7366.5 0.4359629535411779
7368.0 0.43175848196199257
7369.5 0.42547886222523723
7371.0 0.42771041201466026
7372.5 0.4326511960956123
7374.0 0.43194785984152556
7375.5 0.43270725571666807
7377.0 0.42705465577508317
7378.5 0.4216592705654013
7380.0 0.4170557863892893
7381.5 0.41764323468724385
7383.0 0.41408839518735224
7384.5 0.4093840979111903
7386.0 0.4070734051273354
7387.5 0.4044145773858315
7389.0 0.4033659327096112
7390.5 0.4010981090477402
7392.0 0.39745658912537574
7393.5 0.3998454827251571
7395.0 0.39748673883754015
7396.5 0.3932214967447733
7398.0 0.3933430377719363
7399.5 0.39315742860642383
7401.0 0.39231653429058666
7402.5 0.38582115567615444
7404.0 0.3860783704080575
7405.5 0.3844055324721822
7407.0 0.37470109386924444
7408.5 0.3689519206308827
7410.0 0.36786982861772993
7411.5 0.36808794294166974
7413.0 0.3666596003278781
7414.5 0.36182057152548125
7416.0 0.3658271856185873
7417.5 0.36275097279930657
7419.0 0.3616090524510774
7420.5 0.3567054844210784
7422.0 0.3579524576726307
7423.5 0.3491906686640851
7425.0 0.3500273231766491
7426.5 0.350243082054326
7428.0 0.34670425958902173
7429.5 0.3521759612576199
7431.0 0.35214863808097085
7432.5 0.3501917333257959
7434.0 0.3489692567153773
7435.5 0.3424032147130595
7437.0 0.34611775346957235
7438.5 0.343145180285857
7440.0 0.3349976916626624
7441.5 0.33329847272864316
7443.0 0.3275469440440186
7444.5 0.32183969774913557
7446.0 0.3251415623203972
7447.5 0.3248004937015367
7449.0 0.32295382383146315
7450.5 0.3224318569396158
7452.0 0.32412212517783623
7453.5 0.31779869414059186
7455.0 0.3106560388931287
7456.5 0.31221628649763983
7458.0 0.3085380216135749
7459.5 0.3046816849920386
7461.0 0.3006731865419222
7462.5 0.3032005803819592
7464.0 0.3039901259692661
7465.5 0.3008842345270735
7467.0 0.30415029631513985
7468.5 0.3036523549751736
7470.0 0.30042916230909106
7471.5 0.29976257101670484
7473.0 0.295936384107333
7474.5 0.29324552229665435
7476.0 0.29271790233377615
7477.5 0.2927400435286469
7479.0 0.2914322997635132
7480.5 0.2929063380348041
7482.0 0.2909974843833913
7483.5 0.2846109273863026
7485.0 0.2814923165342906
7486.5 0.2790341728143814
7488.0 0.2875359205555085
7489.5 0.29016789620961586
7491.0 0.28593704363228656
7492.5 0.27752386067064266
7494.0 0.27029876480397974
7495.5 0.2749804497960183
7497.0 0.27444152369107855
7498.5 0.2723847480143588
7500.0 0.2718481773556818
7501.5 0.26781141355041127
7503.0 0.26234206732807597
7504.5 0.26336857080942555
7506.0 0.26204528109895703
7507.5 0.25965874294543845
7509.0 0.25989852737499647
7510.5 0.25823746667043534
7512.0 0.2521448693669503
7513.5 0.24817782677106004
7515.0 0.25015545945334805
7516.5 0.24768412523436692
7518.0 0.24368269312303908
7519.5 0.2413055767545719
7521.0 0.2358418836032675
7522.5 0.24179079868471884
7524.0 0.24221477901203162
7525.5 0.2393689288372575
7527.0 0.23469289691624975
7528.5 0.232686527789555
7530.0 0.2310028548008706
7531.5 0.23067544777033455
7533.0 0.22839160707387623
7534.5 0.2249111996758906
7536.0 0.22378482527299623
7537.5 0.2234409301186203
7539.0 0.2257450276529391
7540.5 0.2190758171043086
